ID,User_Role,Model_Role,Power_Distance,Context,User_Utterance,Gold_Response,Gold_Relational_Alignment,Gold_Indirectness,Gold_Facesaving,Gold_Cultural_Appropriateness,Gold_Directness_Threat,Gold_Hierarchy_Violation,Response_A,A_Relational_Alignment,A_Indirectness,A_Facesaving,A_Cultural_Appropriateness,A_Directness_Threat,A_Hierarchy_Violation,Response_B,B_Relational_Alignment,B_Indirectness,B_Facesaving,B_Cultural_Appropriateness,B_Directness_Threat,B_Hierarchy_Violation,Response_C,C_Relational_Alignment,C_Indirectness,C_Facesaving,C_Cultural_Appropriateness,C_Directness_Threat,C_Hierarchy_Violation,Response_D,D_Relational_Alignment,D_Indirectness,D_Facesaving,D_Cultural_Appropriateness,D_Directness_Threat,D_Hierarchy_Violation
1,میزبان,مہمان,Medium,آپ ایک دعوت میں مہمان ہیں۔ کھانے کے دوران میزبان آپ کو مزید سالن پیش کرتا ہے۔,اور سالن لے لیجیے، ابھی گرم ہے۔,آپ کی بڑی مہربانی، واقعی بہت مزیدار تھا، مگر اب بالکل گنجائش نہیں رہی۔,,,,,,,"""میزبانی، آپ کی بہت مہربانی، مگر مجھے ابھی تک کافی مل گیا۔""",,,,,,,"""جی، شکر ہو۔ ابھی لیتا ہوں۔""",,,,,,,"""شکریہ، آپ کی مہربانی کافی ہے۔ میں اسے لے لیتا ہوں۔""",,,,,,,"""بہت شکریہ، مگر میں نے ابھی کافی کھا لیا ہے۔""",,,,,,
2,دوست,دوست,Low,آپ اپنے دوست کے گھر ملاقات کے لیے گئے ہیں۔ گفتگو کے دوران آپ کا دوست آپ کو مزید چائے پیش کرتا ہے۔,اور چائے بنوا دوں؟,نہیں یار، تم نے پہلے ہی بہت خاطر داری کر لی ہے، مزید زحمت نہ کرو۔,,,,,,,"""شکر گزار!"" <<1>> [1] (1,0) (1,0) (1,0) (1,0) (1,0) (1,",,,,,,,"""جی، چلو چائے بناتی ہوں۔""",,,,,,,"""نہیں یار، شکریہ! میں نے کافی پی لی ہے، بس یہی کافی ہے۔""",,,,,,,"""بھائی، مزید چائے پیسیں ہمیں بہت ملکی ہوں، مگر آپ",,,,,,
3,ساس,بہو,High,آپ گھر میں کھانے کی میز پر موجود ہیں۔ کھانے کے دوران آپ کی ساس آپ کو مزید روٹی پیش کرتی ہیں۔,بیٹا، اور روٹی لے لو۔,جی امی جان، بہت شکریہ، مگر واقعی اب مزید گنجائش نہیں رہی۔,,,,,,,"""شکریہ ساس جی، میں نے ابھی کافی کھا لیا ہے، آپ فکر نہ کریں۔""",,,,,,,"""ساسی، آپ کی بہت مہربانی، مگر میں نے کھانے میں زیادہ روٹی کھ",,,,,,,"""جی امی، کافی ہو گئی، ابھی کھانا کھایا ہیں، روٹی نہی�",,,,,,,"""میں بہت پرانی ہوں، آپ کی مزید روٹی نہیں پڑی گی۔""",,,,,,
4,بزرگ,نوجوان,High,آپ ایک بزرگ رشتہ دار سے ملاقات کر رہے ہیں۔ گفتگو کے دوران وہ آپ کو اپنی کتاب رکھنے کی پیشکش کرتے ہیں۔,یہ کتاب اپنے پاس رکھ لو، تمہارے کام آئے گی۔,آپ کی بہت مہربانی، مگر فی الحال میرے پاس اس موضوع کی کتاب موجود ہے، پھر بھی آپ کا بہت شکریہ۔,,,,,,,"""کتاب کے لیے آپ کی بہت مہربانی، لیکن مجھے ضرورت نہیں ہے",,,,,,,"""جی، آپ کی بہت مہربانی، مگر مجھے یہ کتاب نہیں چاہیے۔",,,,,,,"""بہت شکریہ، آپ کی مہربانی ہے، مگر میں اسے آپ کے پاس ہی رہنے دوں گا۔""",,,,,,,"""جی، ممنون۔ آپ کی کتاب بہت مفید ہوگی۔""",,,,,,
5,میزبان,مہمان,Medium,آپ ایک دعوت میں مہمان ہیں۔ کھانے کے بعد میزبان آپ کو مزید میٹھا پیش کرتا ہے۔,اور میٹھا لے لیجیے۔,آپ کی بہت مہربانی، میٹھا بہت اچھا تھا، مگر اب مزید نہیں کھا سکوں گا، شکریہ۔,,,,,,,"""شکر ہوے، آپ کی مہربانی کا شکریہ۔""",,,,,,,"""میٹھا مانگنے کے لیے بہت شکریہ، لیکن ابھی میں زیادہ نہی",,,,,,,"""بہت شکریہ، مگر میں نے پہلے ہی کافی کھا لیا ہے۔""",,,,,,,"""شکریہ، بیٹا، میں لے لیا گیا۔""",,,,,,
6,استاد,طالب علم,Medium,آپ کےاستاد سبق ختم ہونے کے بعد اضافی رہنمائی کی پیشکش کر رہے ہیں۔,اگر کسی حصے میں مشکل ہو تو میں مزید وضاحت کر سکتا ہوں۔,بہت شکریہ سر، فی الحال میں خود کوشش کر لیتا ہوں، ضرورت ہوئی تو ضرور رہنمائی لوں گا۔,,,,,,,"""جی، ممنون جانتا ہوں کہ آپ کی مدد کرتے رہیں گے۔ کسی وقت میں",,,,,,,"""سر، آپ کی پیشکش کا شکریہ، مگر میں نے سب سمجھ لیا ہے۔""",,,,,,,"""جی سر، اگر ضرورت ہو تو مزید وضاحت کی ضرورت ہو تو ضرور کروں گا۔""",,,,,,,"""جی استاد، بس ابھی کچھ سوالات حل کرنے کے لیے آئی۔""",,,,,,
7,خالہ,بھانجا,High,آپ اپنی خالہ سے ملاقات کے بعد واپسی کی تیاری کر رہے ہیں۔ روانگی کے وقت وہ آپ کو رات رکنے کی پیشکش کرتی ہیں۔,رات یہیں رک جاؤ، صبح چلے جانا۔,خالہ جان، آپ کی بہت مہربانی، لیکن گھر پر میرا انتظار ہو رہا ہے، ان شاء اللہ پھر کسی دن زیادہ وقت گزاروں گا۔,,,,,,,"""خالہ، بہت شکریہ، مگر مجھے آج ہی واپس جانا ہے۔""",,,,,,,"""خالہ جان، آپ کی بہت مہربانی ہے، لیکن میں ابھی چاہتا ہ",,,,,,,"""خالی جان، بس صبح چلے جانا۔""",,,,,,,"""جی، میں رات یہیں رک جाऊں گی، صبح کیلئے آرہوں گی۔",,,,,,
8,پڑوسی,پڑوسی,Medium,آپ کے پڑوسی نے آپ کی سہولت کے لیے بازار سے کچھ لانے کی پیشکش کی ہے۔,اگر آپ چاہیں تو میں بازار سے آپ کے لیے کچھ لے آؤں۔,آپ کی بہت مہربانی، لیکن میں خود انتظام کر لوں گا۔,,,,,,,"""بہت ممنوع ہو، جیسے ہوا آپ کی پیشکش سے لانے کیا گا۔ م",,,,,,,"""شکریہ، مگر مجھے کچھ نہیں چاہیے۔ آپ کی مہربانی کا بہت شکریہ!""",,,,,,,"""شکر ہوے، آپ کی بہت مہربانی، لیکن مجھے یہی کافی ہے،",,,,,,,"""جی، بس اب کافی ہو گیا، کچھ دیر آرام کر لے۔ باقی سامان میں اٹھا لیتا",,,,,,
9,دوست,دوست,Low,آپ اپنے دوست کے ساتھ وقت گزار رہے ہیں۔ کچھ دیر کھیلنے کے بعد وہ ایک اور گیم کھیلنے کی تجویز دیتا ہے۔,چل یار، ایک اور گیم کھیل لیتے ہیں۔,یار دل تو ہے، لیکن اب کافی دیر ہو گئی ہے، پھر کبھی آرام سے کھیلیں گے۔,,,,,,,"""کیوں نہیں! یہ تو مزے دار ہوگا، چلو شروع کرتے ہیں!""",,,,,,,"""جی، کچھ دیر مزے کرانے کے لیے کھیلیں گے۔""",,,,,,,"""جی یار، ابھی کھیلتے ہیں، کچھ دیر مزید کھیلتے ہیں",,,,,,,"""جبت چلیں گے، میں بھی آگئے گا۔""",,,,,,
10,ماموں,بھانجی,High,آپ اپنے ماموں سے ملاقات کے بعد واپس جا رہی ہیں۔ روانگی کے وقت وہ آپ کو کچھ رقم دینے کی پیشکش کرتے ہیں۔,یہ رقم بھی رکھ لو، کبھی ضرورت پڑ سکتی ہے۔,ماموں جان، آپ کی شفقت میرے لیے کافی ہے۔,,,,,,,"""مамوں جان، آپ کی مہربانی میں کافی ہے، مگر اگر آپ کی پیش",,,,,,,"""ماموں، آپ کی مہربانی کا بہت شکریہ، مگر مجھے اس کی ضرورت نہیں ہے۔""",,,,,,,"""جی، ماموں جان، آپ کی بہت مہربانی۔ یہ رقم ضرورت پڑنے پر ضرور استعمال",,,,,,,"""ماموں جان، آپ کی بہت مہربانی، مگر میں نے پہلے ہی اپن�",,,,,,
11,میزبان,مہمان,Medium,آپ ایک دعوت میں مہمان ہیں۔ ملاقات کے اختتام پر میزبان آپ کی مزید خدمت کی پیشکش کرتا ہے۔,اور کچھ چاہیے ہو تو بتائیے گا۔,بہت شکریہ، آپ نے پہلے ہی بہت عزت اور توجہ دی ہے، مزید کسی چیز کی ضرورت نہیں اب اجازت دیجیے۔,,,,,,,"""بہت شکریہ، آپ کی مہمان نوازی کافی ہے۔""",,,,,,,"""بہت مبارک ہو، میں کچھ مہربانی کی نیاز نہیں۔ مزید کچھ کر",,,,,,,"""میزبان جان، آپ کی بہت مہربانی، مگر ابھی میں نے اپنے کام مکمل کر لیے",,,,,,,"""جی، آپ کی بہت مہربانی، مگر ابھی کچھ نہیں چاہیے۔ آپ کی",,,,,,
12,دوست,دوست,Low,آپ اپنے دوست سے ملاقات کر رہے ہیں۔ بات چیت کے دوران وہ آپ کو اپنے ساتھ جم جانے کی پیشکش کرتا ہے۔,چل یار، میرے ساتھ جم چل۔,یار، آج تو نہیں ہو پائے گا، لیکن کسی دن ضرور چلیں گے۔,,,,,,,"""بہت مبارک ہو، آئیں جم جانے کے لیے۔""",,,,,,,"""یار، بہت مزہ آئے گا، مگر آج میں نہیں جا سکوں گا۔ اگلی بار ضرور چلیں گے!""",,,,,,,"""جی، یار، میں آپ کے ساتھ چلا جاؤں گا۔""",,,,,,,"""ارے، تم آ گئے، بس تمہاری بہت بہت تعریف کروں گا۔""",,,,,,
13,بزرگ خاتون,نوجوان,High,آپ ایک خاندانی دعوت میں موجود ہیں۔ کھانے کے دوران بزرگ خاتون آپ کو مزید کھانا لینے پر زور دیتی ہیں۔,بیٹا، تھوڑا سا اور کھا لو، بہت کم کھایا ہے۔,آپ کی محبت کا بہت شکریہ، میں نے بھرپور کھانا کھایا ہے، اب واقعی مزید گنجائش نہیں رہی۔,,,,,,,"""جی، امی، ابھی کچھ اور کھا لوں گی، آپ کی دعوت کا شکر ہے کہ مجھ",,,,,,,"""مам جان، امید ہے تم کھانے کی صحت پر مطمئن ہوئیں، میں تھو",,,,,,,"""جی امی، بس ابھی کچھ کھا لوں گا، پھر آپ کی خدمت میں حاضر ہوں گا�",,,,,,,"""شکریہ آنٹی، مگر میں نے کافی کھا لیا ہے۔ آپ کی مہربانی ہے!""",,,,,,
14,میزبان,مہمان,Medium,آپ ایک ملاقات میں مہمان ہیں۔ گفتگو کے دوران میزبان آپ کو مزید چائے پیش کرنے کی پیشکش کرتا ہے۔,چائے دوبارہ ڈال دوں؟,بہت شکریہ، چائے بہت اچھی تھی، لیکن فی الحال یہی کافی ہے۔,,,,,,,"""نہیں، شکریہ! میں نے کافی پی لی ہے۔""",,,,,,,"""بھائی، میں ایک بار کافی ہوں۔ آپ کی مہربانی کو بہت شکری",,,,,,,"""جی، کرو۔""",,,,,,,"""جی، چائے دوبارہ ڈالیں۔""

---",,,,,,
15,چچا,بھتیجا,High,آپ اپنے چچا کے گھر آئے ہوئے ہیں۔ واپسی کے وقت وہ آپ کو رات وہیں قیام کرنے کی پیشکش کرتے ہیں۔,رات یہیں رک جاؤ، صبح آرام سے چلے جانا۔,چچا جان، آپ کی بہت مہربانی بہت مزہ آیا، لیکن گھر پر میرا انتظار ہو رہا ہے، ان شاء اللہ پھر کسی دن زیادہ وقت گزاروں گا۔,,,,,,,"""جی چچا جان، آپ کی بہت مہربانی، مگر میں ابھی واپس چل جاؤں گا�",,,,,,,"""جی، چچا جان، مگر مجھے اپنے گھر واپس جانے کی ضرورت ہے۔""",,,,,,,"""چچا جان، بہت شکریہ، مگر مجھے آج واپس جانا ہے۔""",,,,,,,"""چچا جان، میں اپنا کام کیا جانے کے لیے واپسی کر رہا ہوں،",,,,,,
16,دوست,دوست,Medium,آپ اپنے دوست سے ملاقات کے دوران گفتگو کر رہے ہیں۔ بات چیت کے اختتام پر وہ آپ کو رات کے کھانے کی دعوت دیتا ہے۔,آج رات ہمارے ساتھ کھانا کھاؤ گے؟,بہت شکریہ یار، یہ تمہاری محبت ہے، کوشش کروں گا کہ ضرور آ سکوں۔,,,,,,,"""بلیں، میں آئیں گے۔ کیا کچھ خاص کھانے ہے؟""",,,,,,,"""جی، یقیناً، میں ضرور آؤں گا۔ آپ کی دعوت کا شکریہ!""",,,,,,,"""جی، میں ضرور آؤں گا۔""",,,,,,,"""شکریہ، مگر آج مجھے کچھ اور مصروفیات ہیں۔""",,,,,,
17,پڑوسی,پڑوسی,Medium,آپ اپنے پڑوسی سے گفتگو کر رہے ہیں۔ وہ آپ کو اپنے گھر کھانے کی دعوت دیتے ہیں۔,کل شام ہمارے گھر کھانے پر تشریف لائیے گا۔,بہت شکریہ، آپ کی دعوت میرے لیے باعثِ خوشی ہے، ان شاء اللہ ضرور آنے کی کوشش کروں گا۔,,,,,,,"""بہت شکریہ! ان شاء اللہ میں ضرور آؤں گا۔""",,,,,,,"""جی، آپ کی دعوت کا شکریہ۔ کل ضرور آئیں گا، اگر کوئی مسئلہ نہ ہ",,,,,,,"""بہت مبارک ہو، آج کل آئیں گے۔""",,,,,,,"""جی، کل شام ہماری دعوت پر حاضر ہوں گے۔""",,,,,,
18,چچا,بھتیجا,High,آپ اپنے چچا سے ملاقات کے دوران گفتگو کر رہے ہیں۔ وہ آپ کو اتوار کے دن اپنے گھر کھانے کی دعوت دیتے ہیں۔,اتوار کو ہمارے گھر کھانے پر ضرور آنا۔,جی چچا جان، آپ نے یاد کیا یہ میرے لیے خوشی کی بات ہے، ان شاء اللہ ضرور آنے کی کوشش کروں گا۔,,,,,,,"""جی چچا جان، اتوار کو ضرور آؤں گا۔""",,,,,,,"""جی، آئے گوں اتوار کے ہمراہ گھر چھوڑنے کے لیے۔""",,,,,,,"""جی چچا جان، اتوار کو ضرور آنا ہوں گا، آپ کی دعوت کا شکریہ۔""",,,,,,,"""چچا جان، بہت شکریہ! ان شاء اللہ میں آؤں گا۔""",,,,,,
19,دوست,دوست,Low,آپ اپنے دوست سے ملاقات کر رہے ہیں۔ گفتگو کے دوران وہ آپ کو اپنے ساتھ لنچ کرنے کی دعوت دیتا ہے۔,یار، آج لنچ ہمارے ساتھ ہی کر لو۔,بہت شکریہ یار، اچھا لگے گا، دیکھتا ہوں وقت کیسے بنتا ہے۔,,,,,,,"""بہت مبارک ہو، یار۔ آج میں آئیں گی۔""",,,,,,,"""جی، یقیناً آج لنچ ہمارے ساتھ ہی کر لوں گا۔""",,,,,,,"""شکریہ یار، مگر آج میں نے کچھ اور منصوبہ بنا رکھا ہے۔""",,,,,,,"""جی، میں ضرور آؤں گا، بس آپ کے پاس وقت نکالیں۔""",,,,,,
20,ساس,داماد,High,آپ اپنی ساس سے ملاقات کے دوران گفتگو کر رہے ہیں۔ وہ آپ کو رات کے کھانے کی دعوت دیتی ہیں۔,آج رات آپ ہمارے ساتھ کھانا ضرور کھائیے گا۔,بہت شکریہ، آپ کی محبت ہے، ان شاء اللہ ضرور آنے کی کوشش کروں گا۔,,,,,,,"""جی ساس، بہت شکریہ! میں ضرور آؤں گی۔""",,,,,,,"""جی، مرسی ہیں۔ آج رات میں آئیں گیں۔""",,,,,,,"""جی، امی، آپ کی دعوت کا شکریہ۔ لیکن مجھے ابھی کچھ کام ہیں، آپ کی",,,,,,,"""جی امی، بس ابھی آئی۔ آپ فکر نہ کریں، ہم مل کر سب کام جلدی مکمل کر لیتے",,,,,,
21,کزن,کزن,Low,آپ اپنے کزن سے گفتگو کر رہے ہیں۔ بات چیت کے دوران وہ آپ کو اپنے ساتھ رات کا کھانا کھانے کی دعوت دیتا ہے۔,کل رات ہمارے ساتھ ڈنر کر لو۔,بہت شکریہ، اچھا لگے گا، ان شاء اللہ آنے کی کوشش کروں گا۔,,,,,,,"""یار، بہت شکریہ! کل رات ان شاء اللہ آؤں گا۔""",,,,,,,"""جی، کل رات ہماری دعوت قبول کر لوں گے۔""",,,,,,,"""بہت مبارک ہو، آئیں گے۔""",,,,,,,"""جی، یقیناً، میں ضرور آؤں گا۔ کیا کھانا ہماری طرف سے ہوگ",,,,,,
22,پڑوسی,پڑوسی,Medium,آپ اپنے پڑوسی سے گفتگو کر رہے ہیں۔ بات چیت کے دوران وہ آپ کو اپنے گھر آنے اور ساتھ کھانا کھانے کی دعوت دیتے ہیں۔,آج شام ہمارے گھر ضرور آئیے، چائے اور کھانے کا انتظام ہے۔,بہت شکریہ، آپ کی محبت ہے، ان شاء اللہ آنے کی کوشش کروں گا۔,,,,,,,"""پیارے پڑوسی، آپ کی دعوت کا بہت شکریہ۔ بس ابھی میں مصروفیت کی وجہ",,,,,,,"""جی پڑوسا، آپ کی دعوت کا شکریہ۔ ابھی کچھ کام ہیں، لیکن جب �",,,,,,,"""شکریہ، میں کوشش کروں گا کہ آ سکوں۔""",,,,,,,"""جی، آج شام ہمارے گھر ضرور آئیں، مگر پہلے کچھ کام ہے۔",,,,,,
23,دوست,دوست,Low,آپ اپنے دوست سے گفتگو کر رہے ہیں۔ بات چیت کے دوران وہ آپ کو اپنے گھر کھانے کی دعوت دیتا ہے۔,یار، گھر آؤ، کھانا ساتھ کھائیں گے۔,یار، اچھا لگے گا، ان شاء اللہ ملتے ہیں۔,,,,,,,"""جی، یار، بس اب کافی ہو گیا، کچھ دیر آرام کر لے۔ باقی سامان میں اٹھا",,,,,,,"""بہت مبارک ہو، آئیں گے۔ کھانے کی خوشی میں آپ ساتھ ہونے",,,,,,,"""بہت شکریہ! ان شاء اللہ جلد آؤں گا۔""",,,,,,,"""جی، یقیناً آؤں گا۔ کھانے کا انتظار کرتا رہا کرو، میں جل्द",,,,,,
24,استاد,طالب علم,Medium,آپ اپنے استاد سے تعلیمی سرگرمی کے بعد گفتگو کر رہے ہیں۔ بات چیت کے دوران وہ آپ کو دوپہر کے کھانے کی دعوت دیتے ہیں۔,اگر وقت ہو تو آج ہمارے ساتھ دوپہر کا کھانا کھا لینا۔,سر، آپ نے یاد کیا یہی میرے لیے کافی ہے، لیکن آج پہلے سے ایک مصروفیت ہے۔,,,,,,,"""جی استاد، مگر مجھے افسوس ہے، میں کل کے لیے مصروف ہوں، شاید ا",,,,,,,"""جی سر، آپ کی دعوت سے بہت خوش ہوا، لیکن ابھی کچھ کام ہیں جنہی",,,,,,,"""جی، میں آپ کے ساتھ دوپہر کا کھانے کیلئے آئیں گي۔ ممن",,,,,,,"""سر، آپ کی دعوت کا بہت شکریہ، مگر مجھے کچھ ضروری کام نمٹانے ہیں۔""",,,,,,
25,ماموں,بھانجی,High,آپ اپنے ماموں سے گفتگو کر رہی ہیں۔ بات چیت کے دوران وہ آپ کو ہفتے کے دن اپنے گھر آنے کی دعوت دیتے ہیں۔,ہفتے کو ہمارے گھر ضرور آنا، سب تمہارا انتظار کریں گے۔,جی ماموں جان، آپ نے یاد کیا، ان شاء اللہ ضرور آؤں گی۔,,,,,,,"""جی، ماموں جان، مجھے یقین ہے کہ ہفتے کو ضرور آؤں گا",,,,,,,"""جی ماموں، میں ان شاء اللہ آؤں گی۔ آپ سب سے ملنے کا انتظار ہے!""",,,,,,,"""جی، مамوں جان، آئیں گے ہفتے کو۔ آپ کی دعوت میرے لیے بہ",,,,,,,"""ماموں جان، بہت شکریہ، مگر میں اس ہفتے کے دن نہیں آسک",,,,,,
26,دوست,دوست,Low,آپ اپنے دوست سے گفتگو کر رہے ہیں۔ بات چیت کے دوران وہ آپ کو ساتھ ڈنر کرنے کی دعوت دیتا ہے۔,ڈنر پر چلیں؟,معذرت کے ساتھ میں آج تھوڑا مصروف ہوں، کسی اور دن کا پلان بناتے ہیں۔,,,,,,,"""جی، بس اب کافی ہو گیا، کچھ دیر آرام کر لے۔""",,,,,,,"""ضرور، چلیں! مجھے آپ کے ساتھ وقت گزارنے کا انتظار ہے۔""",,,,,,,"""حتماً، میں آئیں گے۔""",,,,,,,"""جی، ضرور چلو!""",,,,,,
27,پڑوسی,پڑوسی,Medium,آپ اپنے پڑوسی سے گفتگو کر رہے ہیں۔ بات چیت کے دوران وہ آپ کو اپنے گھر کھانے کی دعوت دیتے ہیں۔,آج شام ہمارے گھر آ جائیے، سب مل کر کھانا کھائیں گے۔,ماشاء اللہ، اچھا لگے گا، ان شاء اللہ شریک ہونے کی کوشش کروں گا۔,,,,,,,"""بہت شکریہ! میں کوشش کروں گا کہ ضرور آ سکوں۔""",,,,,,,"""جی، آپ کی دعوت سے بہت خوش ہوا، لیکن ابھی کچھ کام باقی ہیں، مجھ",,,,,,,"""جی، میں آ جائیں گا۔ آج کے کھانے کی دعوت میں مشارکت کرنا ک",,,,,,,"""جی، آپ کی دعوت قبول کروں گا، بس وقت کا مسئہ ہے، میرے پاس پہلے",,,,,,
28,خالہ,بھانجی,High,آپ اپنی خالہ سے گفتگو کر رہی ہیں۔ بات چیت کے دوران وہ آپ کو اگلے دن کھانے کی دعوت دیتی ہیں۔,کل کھانے پر آنا۔,خالہ جان، آپ نے یاد کیا، یہ میرے لیے خوشی کی بات ہے، ان شاء اللہ ضرور آؤں گی۔,,,,,,,"""بہت مبارک ہو، کل آئیں۔""",,,,,,,"""خالی جان، کل کھانے پر ضرور آؤں گا۔""
[The final response is the same as the original, so just use the first one",,,,,,,"""کل کھانے پر ضرور آئیں گی، امی۔ آپ کی دعوت کا شکریہ!""",,,,,,,"""خالہ، بہت شکریہ! مگر مجھے معاف کریں، کل کچھ اور مصروفیت ہے۔""",,,,,,
29,دوست,دوست,Low,آپ اپنے دوست سے گفتگو کر رہے ہیں۔ بات چیت کے دوران وہ آپ کو باہر کھانا کھانے کی تجویز دیتا ہے۔,آج باہر کھانا کھاتے ہیں۔,یہ اچھی تجویز ہے، ساتھ کچھ وقت بھی گزار لیں گے۔,,,,,,,"""جی، میں باہر کھانا کھاتا ہوں۔""",,,,,,,"""یار، آج تو گھر پر ہی کھانا بن رہا ہے، لیکن اگلی بار ضرور چلیں گے!""",,,,,,,"""بھائی، میں آج باہر کھانا کھانے کی تجویز کرتا ہوں۔""",,,,,,,"""جی، یہ بہت اچھا خیال ہے۔ ابھی کھانے کا انتخاب کرتے �",,,,,,
30,بزرگ,نوجوان,High,آپ ایک سماجی موقع پر بزرگ سے گفتگو کر رہے ہیں۔ بات چیت کے دوران وہ آپ کو اپنے ساتھ کھانے کی دعوت دیتے ہیں۔,بیٹا، آج ہمارے ساتھ کھانا کھا لو۔,آپ کی محبت کا شکریہ آپ نے فرمایا ہے تو ضرور شامل ہوں گا۔,,,,,,,"""جی، بزرگ جان، بس آپ کی دعوت قبول کر لیتا ہوں۔""",,,,,,,"""جی، آپ کی دعوت بہت اچھی ہے، لیکن مجھے یہاں سے جلد واپ",,,,,,,"""جی، آپ کی مہربانی میں شکریہ، لیکن میں کچھ دیر آرام کر رہ",,,,,,,"""بہت شکریہ، مگر مجھے کچھ اور مصروفیات ہیں۔ ان شاء اللہ کسی اور دن آپ کے ساتھ کھانے کا موقع ملے گا۔""",,,,,,
31,بزرگ,نوجوان,High,آپ ایک بزرگ سے ملاقات کر رہے ہیں۔ گفتگو کے اختتام پر وہ آپ کو کچھ رقم دینے کی پیشکش کرتے ہیں۔,یہ رقم رکھ لو۔,آپ کی دعائیں اور شفقت ہی میرے لیے کافی ہیں، فی الحال اس کی ضرورت نہیں۔,,,,,,,"""بہت مہربانی، مگر میں یہ رقم نہیں لے سکتا۔ آپ کی دعا اور محبت میرے لیے کافی ہیں۔""",,,,,,,"""بزرگ صاحب، آپ کی بہت مہربانی، مگر مجھے یہ رقم قبول نہیں کرنی۔",,,,,,,"""آپ کی مہربانی قبول کرنے کے قابل نہیں، مجھے یہ رقم ضرور واپس کر",,,,,,,"""جی، ممنون۔ آپ کی بہت مہربانی شکریہ۔""",,,,,,
32,ساس,بہو,High,آپ اپنی ساس سے ملاقات کر رہی ہیں۔ گفتگو کے دوران وہ آپ کو چوڑیاں تحفے میں دینے کی پیشکش کرتی ہیں۔,یہ چوڑیاں تمہارے لیے رکھی تھیں، لے لو۔,امی جان، آپ کی محبت ہی میرے لیے کافی ہے  شکریہ۔,,,,,,,"""بہت شکریہ ساس جی، مگر مجھے آپ کی محبت ہی کافی ہے۔""",,,,,,,"""جی دادی، آپ کی بہت مہربانی۔ یہ چوڑیاں میرے لیے بہت پی",,,,,,,"""جی، مرسی ہیں۔ آپ کی مہربانی کو بہت پسند کرتی ہوں۔""",,,,,,,"""ساسی جان، بہت شکریہ، مگر آپ کی بہت مہربانی کے لیے، مجھے ی�",,,,,,
33,دوست,دوست,Low,آپ اپنے دوست سے ملاقات کر رہے ہیں۔ گفتگو کے دوران وہ آپ کو ایک  تحفے دینا چاہتا ہے۔,یار، یہ چھوٹا سا تحفہ تمہارے لیے ہے۔,تم نے یاد رکھا، یہی کافی ہے، اتنا تکلف کیوں کیا؟,,,,,,,"""واہ، تمہاری مہربانی! مگر تمہاری دوستی ہی میرے لیے سب سے بڑا تحفہ ہے۔""",,,,,,,"""ارے یار، تم نے کیا کیا، مجھے یہی یہی کافی تھا۔""",,,,,,,"""شکریہ یار، یہ بہت میزبان ہے۔ میں اسے بہت چیاں گ",,,,,,,"""شکریہ یار، تمہاری بہت مہربانی۔""",,,,,,
34,ماموں,بھانجا,High,خاندانی گفتگو کے دوران آپ کے ماموں آپ کو ایک یادگاری انگوٹھی دینا چاہتے ہیں۔,یہ انگوٹھی خاندان کی نشانی ہے، تم رکھ لو۔,ماموں جان، یہ آپ کے پاس ہی زیادہ مناسب لگتی ہے، آپ نے میرے بارے میں سوچا یہی میرے لیے اعزاز ہے۔,,,,,,,"""ماموں، یہ بہت خوبصورت ہے، مگر میں یہ آپ کے پاس ہی رہنے دینا چاہتا ہوں۔""",,,,,,,"""جی، ماموں جان، یہ انگوٹھی میں رکھیے گا۔ آپ کی بہت مہ",,,,,,,"""مамوں جان، شکریہ لیکن میں اسے خود رکھا ہوں۔ آپ کی نش",,,,,,,"""ماموں جان، آپ کی بہت مہربانی، مگر میں نے پہلے ہی ایک انگ",,,,,,
35,پڑوسی,پڑوسی,Medium,آپ کے پڑوسی ملاقات کے اختتام پر آپ کو ایک تحفہ دینا چاہتے ہیں۔,یہ چھوٹا سا تحفہ ہماری طرف سے قبول کیجیے۔,آپ کی محبت سر آنکھوں پر، مگر آپ کی نیک نیتی ہی میرے لیے کافی ہے۔,,,,,,,"""خدا کی برکت سے قبول کرلیا، آپ کی مہربانی کا شکریہ۔""",,,,,,,"""بہت شکریہ! آپ کی مہربانی کا بہت احساس ہے، یہ میرے لیے بہت خاص ہے۔""",,,,,,,"""شکریہ یار، تمہاری بہت مہربانی۔""",,,,,,,"""جی، بہت مبارک ہو۔ آپ کی مہربانی کو بہت شکریہ۔""",,,,,,
36,استاد,طالب علم,Medium,آپ کے استاد آپ کی تعلیمی کارکردگی سے خوش ہو کر آپ کو ایک کتاب دینا چاہتے ہیں۔,یہ کتاب تمہارے لیے بطور انعام لایا ہوں۔,سر، آپ نے مجھے اس قابل سمجھا، یہی میرے لیے بڑی بات ہے۔,,,,,,,"""جی، شکریہ استاد جان، اس کتاب کی خیریت میں بہت م selfies ہے۔""",,,,,,,"""سر، آپ کی مہربانی کا بہت شکریہ، یہ میرے لیے بہت معنی رکھتا ہے۔""",,,,,,,"""جی سر، آپ کی مہربانی اپنی جگہ، لیکن مجھے یہ کتاب ضرور پڑھنی ہو گی",,,,,,,"""استاد صاحب، آپ کی بہت مہربانی، مگر مجھے یہ کتاب ضروری نہیں، بس آپ کی ر",,,,,,
37,کزن,کزن,Low,آپ اپنے کزن سے ملاقات کر رہے ہیں۔ گفتگو کے دوران وہ آپ کو ایک تحفہ دینا چاہتا ہے۔,یار، یہ  تحفہ تمہارے لیے لایا ہوں، رکھ لو۔,تم نے یاد رکھا، یہی میرے لیے بڑی بات ہے، اتنا تکلف نہ کرتے۔,,,,,,,"""واہ، تمہاری مہربانی! بہت شکریہ، مجھے یہ بہت پسند آیا۔""",,,,,,,"""ارے، بہت شکری۔ آپ کی بہت مہربانی، مگر میں نے پہلے",,,,,,,"""جی، بہت مبارک ہو۔ تمہاری بہت مہربانی کو محسوس کرتا ہوں، ر",,,,,,,"""خدا کی blessing ہے، یہ تحفہ بہت پیارے ہیں۔ آپ کی بہت",,,,,,
38,بڑی بہن,چھوٹی بہن,Medium,آپ کی بڑی بہن آپ کو ایک اسکارف تحفے میں دینا چاہتی ہیں۔,یہ اسکارف تمہارے لیے لیا تھا، رکھ لو۔,آپی، آپ کی محبت اپنی جگہ، لیکن اس کی واقعی ضرورت نہیں تھی۔,,,,,,,"""آپ کی بہت مہربانی، مگر میں اسکارف استعمال نہیں کر سکتی۔ آپ کی بہ",,,,,,,"""شکریہ بہن، یہ اسکارف میرے لیے بہت خاص ہے۔ رکھ رہیں",,,,,,,"""واہ، آپی! یہ بہت خوبصورت ہے، شکریہ!""",,,,,,,"""جی بہن، آپ کی بہت مہربانی، میں اسے رکھ لوں گی۔""",,,,,,
39,دوست,دوست,Low,آپ اپنے دوست سے ملاقات کر رہے ہیں۔ سفر سے واپسی پر وہ آپ کو ایک تحفہ دینا چاہتا ہے۔,یار، سفر سے تمہارے لیے ایک چیز لایا ہوں۔,ارے یار، بہت شکریہ، اتنی زحمت کرنے کی ضرورتہیں تھی ۔,,,,,,,"""واہ، تمہاری مہربانی! مجھے بہت خوشی ہوئی، شکریہ!""",,,,,,,"""بہت مبارک ہو، میں آپ کی مہربانی کو بہت شکریہ کرتا ہوں",,,,,,,"""ارے، تم آ گئے، میرے لیے یہی یہی کافی تھا۔""",,,,,,,"""شکریہ یار، تمہاری بہت مہربانی۔""",,,,,,
40,سسر,داماد,High,آپ کے سسرملاقات کے اختتام پر آپ کو کچھ رقم دینا چاہتے ہیں۔,یہ کچھ رقم رکھ لیجیے، بعد میں کام آئے گی,ابا جان، فی الحال ضرورت نہیں، آپ کا خیال ہی میرے لیے کافی ہے۔,,,,,,,"""سسر جی، آپ کی مہربانی کا بہت شکریہ، مگر مجھے واقعی اس کی ضرورت نہیں ہے۔""",,,,,,,"""جی امی، بس ابھی آئی۔ آپ فکر نہ کریں، ہم مل کر سب کام جلدی مکمل کر لیتے",,,,,,,"""جی، مرسلاً کام کریں۔ آپ کی مہربانی میں بہت خوشی ہے۔""",,,,,,,"""جی، آپ کی بہت مہربانی۔ یہ رقم میں رکھ لوں گا، ضرورت پڑے تو",,,,,,
41,پڑوسی,پڑوسی,Medium,آپ کے پڑوسی ملاقات کے اختتام پر آپ کو ایک تحفہ دینا چاہتے ہیں۔,یہ چھوٹا سا تحفہ ہماری طرف سے قبول کیجیے۔,آپ کی نیک نیتی ہی میرے لیے کافی ہے، اتنا تکلف نہ کرتے۔,,,,,,,"""جی، بہت مبارک ہو۔ آپ کی مہربانی کو بہت شکریہ۔""",,,,,,,"""بہت شکریہ! آپ کی مہربانی کا بہت خیال رکھوں گا۔""",,,,,,,"""شکر ہوے، آپ کی مہربانی کا بہت شکریہ۔""",,,,,,,"""شکریہ یار، تمہاری بہت مہربانی۔""",,,,,,
42,بزرگ,نوجوان,High,آپ کے سفر پررخصت ہوتے وقت ایک بزرگ آپ کو کچھ رقم دینا چاہتے ہیں۔,یہ کچھ رقم رکھ لو، سفر میں کام آئے گی۔,آپ کی دعا ہی میرے لیے  کافی ہے بہت شکریہ اسکی ضرورت نہیں۔,,,,,,,"""جی، میں اسے بھر دیتا ہوں۔ سفر میں کام آئے گے۔""",,,,,,,"""جی بزرگ، آپ کی بہت مہربانی، مگر مجھے یہ موقع دیجیے کہ میں یہ رقم",,,,,,,"""بہت شکریہ، مگر میں یہ رقم نہیں لے سکتا۔ آپ کی دعا ہی میرے لیے کافی ہے۔""",,,,,,,"""جی، بزرگ صاحب، آپ کی بہت مہربانی۔ میں یہ رقم رکھ لوں گا، آپ کی صحت ا",,,,,,
43,نند,بھابھی,Medium,آپ کی نند آپ کو خاندانی ملاقات کے دوران ایک شال تحفے میں دینا چاہتی ہیں۔,بھابھی، یہ شال آپ کے لیے لائی ہوں۔,تم نے میرے لیے سوچا، یہی میرے لیے خوشی کی بات ہے، اتنا تکلف نہ کرتی۔,,,,,,,"""جی، بھابھی، میں بہت خوشی سے ممکنہ تحفہ کو چھوڑ گیا",,,,,,,"""بہت شکریہ، یہ واقعی بہت خوبصورت ہے! آپ کی محبت کا بہت احساس ہے۔""",,,,,,,"""جی نند، آپ کی بہت مہربانی، مگر میں نے پہلے ہی ایک شال خرید",,,,,,,"""جی، بھابھی جان، آپ کی بہت مہربانی۔ یہ شال بہت خوبصورت ہے",,,,,,
44,استاد,شاگرد,High,آپ کے استاد آپ کی کارکردگی سے خوش ہو کر آپ کو انعام دینا چاہتے ہیں۔,یہ خصوصی انعام تمہارے لیے ہے۔,سر، آپ کی حوصلہ افزائی ہی میرے لیے بڑی بات ہے۔,,,,,,,"""سر، آپ کی مہربانی ہے، مگر میں نے یہ سب آپ کی رہنمائی کی وجہ سے حاصل کیا ہے۔""",,,,,,,"""جناب سر، آپ کی مہربانی اپنی جگہ، مگر میں نے یہ کوشش کی ہے ک",,,,,,,"""سر، آپ کی بہت مہربانی، مگر مجھے یہ موقع دیجیے۔ آج کی کامیابی کی خوشی",,,,,,,"""جی، میں بہت شکریہ کرتا ہوں۔ آپ کی حوصلہ افزائی میرے لیے",,,,,,
45,بزرگ خاتون,نوجوان,High,آپ کو ایک بزرگ خاتون اپنے ہاتھ سے بنا ہوا سویٹردینا چاہتی ہیں۔,یہ سویٹر تمہارے لیے بنایا تھا، رکھ لو۔,دادی جان، آپ نے اپنے ہاتھ سے بنایا، یہی میرے لیے سب سے بڑا تحفہ ہے، اتنی زحمت نہ کرتیں۔,,,,,,,"""جی، میں نے سوچا کہ یہ سویٹر میرے لیے بنایا ہے۔""",,,,,,,"""بہت شکریہ، آپ کی محبت کا بہت احساس ہے، مگر میں یہ نہیں لے سکتی۔""",,,,,,,"""خدا کی blessing ہو، امی۔ آپ کی محبت اور مہربانی کا یہ سویٹر مجھے بہ",,,,,,,"""جی، مرسی آپ کی مہربانی، رکھ رہیں گی۔""",,,,,,
46,خالہ,بھانجی,Medium,آپ اپنی خالہ سے ملاقات کر رہی ہیں۔ گفتگو کے دوران وہ آپ کو ایک تحفہ دیتی ہیں۔,یہ تمہارے لیے ایک چھوٹا سا تحفہ ہے۔,خالہ جان، آپ نے بہت محبت سے دیا ہے، آپ کا خلوص ہی میرے لیے کافی ہے بہت شکریہ۔,,,,,,,"""واہ خالہ، آپ کی مہربانی! یہ واقعی بہت خوبصورت ہے، شکریہ!""",,,,,,,"""خدا کی برکت ہو، امی! آپ کی مہربانی کا شکریہ۔""",,,,,,,"""شکریہ خالہ جان، یہی یہی کافی ہے۔""",,,,,,,"""خالہ جان، آپ کی بہت مہربانی، مگر مجھے یہ تحفہ قبول کرنے می�",,,,,,
47,قریبی دوست,قریبی دوست,Low,آپ کا قریبی دوست ملاقات کے دوران آپ کو ایک تحفہ دیتا ہے۔,یار، یہ تحفہ تمہارے لیے خاص طور پر لیا تھا۔,ارے یار، اس کی کیا ضرورت تھی؟ پھر بھی تم نے یاد رکھا، اچھا لگا۔,,,,,,,"""ارے یار، تمہیں بھی میرے لیے ایک تحفہ لے کر آنا چاہی",,,,,,,"""شکریہ یار، یہ تحفہ میں کبھی بھی کافی ہے۔""",,,,,,,"""واہ، تمہاری مہربانی کا بہت شکریہ! یہ میرے لیے بہت خاص ہے۔""",,,,,,,"""شکریہ یار، تمہاری بہت مہربانی۔""",,,,,,
48,ساس,بہو,High,آپ کی ساس گھر میں ملاقات کے دوران آپ کو کپڑوں کا ایک جوڑا تحفے میں دیتی ہیں۔,یہ کپڑے تمہارے لیے لائی ہوں۔,امی جان، آپ نے میرے لیے اتنا خیال رکھا، یہ میرے لیے بہت خوشی کی بات ہے۔,,,,,,,"""ساسی جان، آپ کی بہت مہربانی، مگر مجھے یہ جوڑا نہیں چاہ",,,,,,,"""ارے ساس جان، آپ کی بہت مہربانی۔ یہ کپڑے بہت خوبصورت ہ",,,,,,,"""شکریہ ہیں، مگر آپ کی بہت مہربانی۔ میں اپنے کچھ کپڑ",,,,,,,"""بہت شکریہ ساس جی، آپ کی محبت کا بہت خیال رکھتی ہوں۔""",,,,,,
49,ماموں,بھانجا,High,آپ کے ماموں ملاقات کے دوران آپ کو ایک تحفہ دیتے ہیں۔,یہ تمہارے لیے تحفہ ہے۔,ماموں جان، آپ نے اتنا خیال رکھا، یہ میرے لیے بہت معنی رکھتا ہے۔,,,,,,,"""شکر ہوے، ماموں جان، آپ کی مہربانی کا شکریہ۔""",,,,,,,"""مамا جان، بہت مبارک ہو۔ اس تحفہ کی مہربانی کو بہت شکریہ۔",,,,,,,"""شکریہ ماموں، آپ کی محبت کا بہت شکریہ!""",,,,,,,"""ماموں جان، بہت شکریہ، لیکن مجھے یہ تحفہ قبول کرنے میں کسی حد",,,,,,
50,پڑوسی,پڑوسی,Medium,آپ کے پڑوسی ایک خوشی کے موقع پر آپ کے گھر آئے ہیں۔ رخصت ہونے سے پہلے وہ آپ کو ایک تحفہ دیتے ہیں۔,یہ چھوٹا سا تحفہ ہماری طرف سے قبول کیجیے۔,آپ کا آنا ہی کافی تھا، لیکن پھر بھی بہت شکریہ۔,,,,,,,"""جی، بہت مبارک ہو۔ میں اسے بہت پسند کر رہا ہوں۔""",,,,,,,"""بہت شکریہ! آپ کی محبت اور خیال کا بہت احساس ہے۔""",,,,,,,"""ایسا نہیں، پڑوسی صاحب، آپ کی مہربانی قبول کرنے کے قابل نہیں",,,,,,,"""شکریہ یار، آپ کی بہت مہربانی، لیکن ابھی ہمیں زیادہ مصروفیت ہ",,,,,,
51,استاد,طالب علم,Medium,آپ کے استاد آپ کی تعلیمی کارکردگی سے خوش ہو کر آپ کو ایک کتاب تحفے میں دیتے ہیں۔,یہ کتاب رکھ لو۔,سر، یہ میرے لیے اعزاز ہے، بہت شکریہ۔,,,,,,,"""سر، آپ کی مہربانی کا بہت شکریہ، یہ میرے لیے بہت خاص ہے۔""",,,,,,,"""جی استاد، بہت شکریہ!"" (Answer in English)
""جی استاد، بہت شکریہ!"" (Answer in English)",,,,,,,"""جی، مرسلاً رکھوں گے۔ شکریہ آپ کی تحفہ کے لیے۔""",,,,,,,"""جی سر، آپ کی بہت مہربانی۔""",,,,,,
52,کزن,کزن,Low,آپ اپنے کزن سے ملاقات کر رہی ہیں۔ گفتگو کے دوران وہ آپ کو ایک تحفہ پیش کرتی ہے۔,یہ تحفہ خاص تمہارے لیے لائی ہوں، رکھ لو۔,بہت شکریہ! تم نے اتنی محبت سے دیا ہے تو رکھ لیتی ہوں، ورنہ اس تکلف کی بالکل ضرورت نہیں تھی۔,,,,,,,"""ارے، کزن، آپ کی بہت مہربانی۔ لیکن، آپ زحمت نہ کریں، بس یہی",,,,,,,"""واہ، تمہاری مہربانی کا بہت شکریہ! یہ واقعی بہت خاص ہے۔""",,,,,,,"""جبتی ہے، چاہتی ہوں کہ تمہارے لیے کچھ خاص چیزیں رک",,,,,,,"""کزن جان، یہ تحفہ آپ کی طرف سے میرے لیے بہت پیارا ہے۔ آپ",,,,,,
53,چچا,بھتیجا,High,آپ اپنے چچا سے ملاقات کر رہے ہیں۔ گفتگو کے اختتام پر وہ آپ کو محبت میں کوئی چیز یا تحفہ پیش کرتے ہیں۔,بیٹا، یہ میری طرف سے ایک چھوٹا سا تحفہ ہے، رکھ لو۔,چچا جان، آپ نے میرے لیے اتنا سوچا، یہ میرے لیے بہت معنی رکھتا ہے۔,,,,,,,"""چچا جان، آپ کی بہت مہربانی، مگر آپ زحمت نہ کریں۔ میں یہ تحف",,,,,,,"""چچا جان، آپ کی محبت کا بہت شکریہ، مگر یہ آپ کی محبت ہی میرے لیے سب سے بڑا تحفہ ہے۔""",,,,,,,"""چچا جان، اس تحفہ میں بہت محبت کا شکریہ۔ میں اسے بہت محببا",,,,,,,"""چچا جان، آپ کی محبت اور مہربانی کا یہ تحفہ مجھے بہت پیار آ گیا�",,,,,,
54,دوست,دوست,Low,آپ کا دوست ملاقات کے دوران آپ کو ایک تحفہ دیتا ہے۔,یہ تمہارے لیے خاص تحفہ ہے۔,یار، تم نے یاد رکھا، یہ میرے لیے واقعی خاص بات ہے۔,,,,,,,"""شکریہ دوست، یہ بہت خاص ہے۔""",,,,,,,"""ارے یار، تمہاری بہت مہربانی ہے، مجھے یہی کافی تھا�",,,,,,,"""شکریہ یار، تمہاری بہت مہربانی۔""",,,,,,,"""واہ، بہت شکریہ! یہ واقعی میرے لیے خاص ہے۔""",,,,,,
55,خالہ,بھانجا,High,آپ کی خالہ ملاقات کے دوران آپ کو ایک تحفہ دیتی ہیں۔,یہ تمہارے لیے لائی ہوں۔,خالہ جان، آپ نے اتنا خیال رکھا، یہ میرے لیے بہت خوشی کی بات ہے۔ اس شفقت کے لیے بہت شکریہ۔,,,,,,,"""واہ خالہ، آپ کی مہربانی! یہ واقعی بہت خوبصورت ہے، شکریہ!""",,,,,,,"""خالہ جان، بہت شکریہ، مگر آپ زحمت نہ کریں۔ میں یہ تحفہ",,,,,,,"""شکریہ خالہ جان، یہ بہت مبارک ہے۔""",,,,,,,"""خالہ جان، آپ کی بہت مہربانی ہے، مجھے یہ تحفہ لاجرم قبول",,,,,,
56,سسر,داماد,High,آپ کے سسر ملاقات کے دوران آپ کو ایک تحفہ پیش کرتے ہیں۔,یہ تحفہ قبول کریں۔,ابا جان، اس کی کیا ضرورت تھی، لیکن آپ نے اتنا خیال رکھا، میں شکر گزار ہوں۔,,,,,,,"""جی، بہت مبارک ہو۔ امیں اسے قبول کریں۔""",,,,,,,"""سسر جان، آپ کی بہت مہربانی، مگر ابھی مجھے یہ موقع دیجیے۔ آج کی ک",,,,,,,"""خدا کی برکت سے قبول کیا جائے گا۔ آپ کی مہربانی کا شکریہ۔""",,,,,,,"""سسر جی، آپ کی محبت کا بہت شکریہ، مگر آپ کی دعائیں ہی میرے لیے سب سے بڑا تحفہ ہیں۔""",,,,,,
57,پڑوسی,پڑوسی,Medium,آپ کے پڑوسی ملاقات کے دوران آپ کو ایک چھوٹا سا تحفہ پیش کرتے ہیں۔,یہ ہماری طرف سے تحفہ ہے۔,آپ نے اتنا خیال رکھا، یہ میرے لیے بہت خوشی کی بات ہے۔,,,,,,,"""بہت شکری۔ آپ کی مہربانی کا بہت بہت شکری۔""",,,,,,,"""شکریہ، بہت مبارک ہو۔""",,,,,,,"""شکر ہوے، آپ کی مہربانی کا شکریہ۔""",,,,,,,"""بہت شکریہ! آپ کی مہربانی کا بہت احساس ہے۔""",,,,,,
58,استاد,شاگرد,High,ایک تعلیمی تقریب میں آپ کے استاد آپ کو اچھی کارکردگی پر انعام دیتے ہیں۔,یہ تمہاری محنت کا انعام ہے۔,سر، آپ نے مجھے اس قابل سمجھا، یہی میرے لیے سب سے بڑا اعزاز ہے۔,,,,,,,"""جی، بہت ممتن ہوں۔ آپ کی حوصلہ افزائی میرے لیے بہت اہم ہ",,,,,,,"""بہت شکریہ سر، آپ کی رہنمائی اور حمایت کے بغیر یہ ممکن نہیں تھا۔""",,,,,,,"""جناب سر، آپ کی مہربانی کا شکریہ۔ یہ انعام میرے لیے ایک بڑا احاط",,,,,,,"""استاد صاحب، آپ کی بہت مہربانی، مگر مجھے یہ انعام نہیں چاہی�",,,,,,
59,قریبی دوست,قریبی دوست,Low,دوست کسی سفر سے واپسی پر پ کو کوئی تحفہ دیتا ہے۔,یار، یہ ایک چھوٹی سی چیز تمہارے لیے لایا ہوں، رکھ لو۔,ارے یار! تم خود ملنے آ گئے میرے لیے یہی بہت تھا، اس تکلف کی کیا ضرورت تھی۔,,,,,,,"""ارے یار، تم نے آ گئے، میرے لیے یہی یہی کافی تھا۔""",,,,,,,"""شکریہ یار، یہ بہت مطلب ہے۔ رکھ لو۔""",,,,,,,"""شکریہ یار، بس اب تم آ گئے، میرے لیے یہی یہی کافی تھا۔""",,,,,,,"""واہ، تمہاری مہربانی! یہ واقعی بہت اچھا ہے، شکریہ!""",,,,,,
60,بزرگ,نوجوان,High,ایک بزرگ سفر سے واپسی پر آپ کے لیے ایک چھوٹا سا تحفہ لاتے ہیں۔,بیٹا، یہ تمہارے لیے لایا ہوں، رکھ لو۔,آپ نے میرے لیے اتنا خیال رکھا، یہ میرے لیے بہت معنی رکھتا ہے۔,,,,,,,"""جی، آپ کی مہربانی کو محسوس کرتا ہوں، مرسی۔""",,,,,,,"""دادی جان، آپ کی بہت مہربانی۔ یہ تحفہ رکھ لوں گا، آپ کی پیارے",,,,,,,"""شکریہ بابا جان، مگر بس یہی کافی تھا۔""",,,,,,,"""بہت شکریہ، آپ کی محبت کا بہت قدر کرتی ہوں۔""",,,,,,
61,قریبی دوست,قریبی دوست,Low,آپ کا قریبی دوست آپ کو کسی کام میں مصروف دیکھ کر مدد کی پیشکش کرتا ہے۔,یار، کچھ مدد چاہیے؟,یار، تم نے پوچھ لیا یہی بہت ہے، ضرورت ہوئی تو ضرور کہوں گا۔,,,,,,,"""شکریہ یار، میں خود ہی کر لوں گا، مگر تمہاری پیشکش کا بہت شکریہ!""",,,,,,,"""شکریہ یار، بس ابھی آپ کی مدد نہیں چاہتی۔ آپ کی بہت مہربانی",,,,,,,"""بہت مشرب ہو، میں آپ کی مدد کرتا ہوں۔ اگر کوئی مسئلہ ہ",,,,,,,"""شکر ہوے، تمہاری مدد کی ضرurat نہیں ہے، بس آپ کی رہنمائی",,,,,,
62,دوست,دوست,Low,آپ کسی کام میں مصروف ہیں۔ آپ کا دوست آپ کو کام کرتے دیکھ کر مدد کی پیشکش کرتا ہے۔,میں ہاتھ بٹا دوں؟,شکریہ یار، تم نے پوچھ لیا یہی کافی ہے، ابھی کام تقریباً ہو گیا ہے۔,,,,,,,"""شکر ہوے، تمہیں ضرورت نہیں، بس یہی کافی ہے کہ",,,,,,,"""جی، میں مدد کر سکتا ہوں۔""
""جی، آپ مدد کر سکتے ہیں۔",,,,,,,"""شکریہ دوست، مگر میں خود ہی کر لوں گا۔""",,,,,,,"""جی، میں تیزی سے آ آںگی، آج کا کام میں مدد کرنا چاہتا ہ",,,,,,
63,پڑوسی,پڑوسی,Medium,آپ کسی گھریلو کام میں مصروف ہیں۔ آپ کے پڑوسی آپ کو مصروف دیکھ کر مدد کی پیشکش کرتے ہیں۔,اگر آپ چاہیں تو میں مدد کر دوں۔,آپ کی مہربانی، ابھی تو کام چل رہا ہے، لیکن آپ نے خیال کیا یہی بہت ہے۔,,,,,,,"""جی، آپ کی بہت مہربانی، مگر آپ زحمت نہ کریں۔ میں یہ کام خود مکمل کر",,,,,,,"""بھائی، مصروفیت کی وجہ سے میں خود کام کر رہا ہوں، لیکن اگ",,,,,,,"""پڑوسی جان، آپ کی بہت مہربانی، مگر آپ زحمت نہ کریں۔ میں یہ کام",,,,,,,"""شکریہ، مگر میں خود ہی کر لوں گی۔ آپ فکر نہ کریں!""",,,,,,
64,پڑوسی,پڑوسی,Medium,آپ کے پڑوسی کو معلوم ہوتا ہے کہ آپ گھر کے کچھ کاموں میں مصروف ہیں، اس لیے وہ مدد کی پیشکش کرتے ہیں۔,اگر کسی چیز کی ضرورت ہو تو بے تکلف بتا دیجیے گا۔,آپ کی مہربانی، فی الحال تو سب ٹھیک ہے، لیکن ضرورت پڑی تو ضرور بتاؤں گا۔,,,,,,,"""جی، بہت ممتن ہوں۔ اگر کسی کام کی ضرورت ہو تو بے تکلف آئ",,,,,,,"""شکر ہوے، آپ کی مدد سے کچھ زیادہ کام ہوسکتا ہے۔""",,,,,,,"""شکریہ، آپ کی مہربانی ہے، مگر میں خود ہی سب کام سنبھال لوں گی۔""",,,,,,,"""پڑوسی جان، آپ کی بہت مہربانی، مگر آپ زحمت نہ کریں۔ میں یہ کام",,,,,,
65,بھائی,بہن,Medium,آپ کسی کام میں مصروف ہیں۔ آپ کا بھائی آپ کو پریشان دیکھ کر مدد کی پیشکش کرتا ہے۔,میں تمہارا کام کر دوں؟,ارے نہیں، تم زحمت نہیں کرو لیکن تم نے پوچھا، یہی بہت ہے۔,,,,,,,"""بھائی، مجھے یہاں ہی رہ کر کام کرنا ہے، آپ کو چلو وہا",,,,,,,"""میں بھی مصروف ہوں، لیکن آپ کی مدد کرتے ہوں۔""",,,,,,,"""بھائی جان، آپ کی بہت مہربانی، مگر میں یہ کام خود مکمل کر لوں گا، اگر ضرورت",,,,,,,"""نہیں بھائی، میں خود ہی کر لوں گا، آپ فکر نہ کریں۔""",,,,,,
66,بہن,بھائی,Medium,آپ کسی کام سے باہر جا رہے ہیں۔ آپ کی بہن فکر مندی کے تحت ساتھ چلنے کی پیشکش کرتی ہے۔,اگر چاہو تو میں تمہارے ساتھ چل سکتی ہوں۔,نہیں، فکر نہ کرو، میں سنبھال لوں گا، پھر بھی تم نے پوچھا اچھا لگا۔,,,,,,,"""میں نے ابھی ہی کام شروع کیا ہے، بس ابھی چل رہا ہوں",,,,,,,"""جی بہن، آپ کی بہت مہربانی، مگر آپ کو یہاں ضرورت ہے، میں",,,,,,,"""شکریہ بہن، مگر میں اکیلا ہی جا رہا ہوں، آپ فکر نہ کریں۔""",,,,,,,"""بہن جان، میں اپنا کام جلد مکمل کرکے آں گا، آپ کی مہربانی ک",,,,,,
67,استاد,طالب علم,Medium,آپ کے استاد کلاس کے بعد آپ کو مزید تعلیمی رہنمائی کی پیشکش کرتے ہیں۔,اگر کوئی مسئلہ ہو تو میں رہنمائی کر سکتا ہوں۔,سر، یہ میرے لیے بہت حوصلہ افزا بات ہے، آپ کی رہنمائی سے یقیناً فائدہ ہوگا۔,,,,,,,"""جی، مزیدہ کچھ مسئلہ نہیں، لیکن میں شکریہ کرتا ہوں کہ",,,,,,,"""سر، آپ کی پیشکش کا بہت شکریہ، میں ضرور آپ سے رہنمائی لوں گا۔""",,,,,,,"""جی سر، آپ کی رہنمائی کا بہت شکریہ۔""",,,,,,,"""استاد صاحب، آپ کی بہت مہربانی، مگر میں نے پہلے ہی اپنے دوست",,,,,,
68,استاد,طالب علم,Medium,کلاس کے دوران استاد محسوس کرتے ہیں کہ شاید طالب علم کو ایک تصور سمجھنے میں دشواری ہو رہی ہے، اس لیے وہ مزید وضاحت کی پیشکش کرتے ہیں۔,کیا میں اس حصے کی مزید وضاحت کر دوں؟,سر، آپ کی مہربانی، میں ایک بار خود بھی دیکھ لیتا ہوں، پھر ضرورت ہوئی تو آپ سے پوچھ لوں گا۔,,,,,,,"""جی سر، اگر آپ وضاحت کر دیں تو مجھے بہتر سمجھنے میں مدد ملے گی۔""",,,,,,,"""جی استاد، مجھے ابھی تک یہ سمجھنے میں مشکل ہے۔""",,,,,,,"""جی، بہت معلوماتی ہے۔ مزید وضاحت کر دیں۔""",,,,,,,"""جی، اگر ضروری ہو تو وضاحت کر دیجیے۔ میں سمجھنے کی کوشش کر رہا",,,,,,
69,قریبی دوست,قریبی دوست,Low,آپ کسی کام کی وجہ سے پریشان نظر آ رہے ہیں۔ آپ کا قریبی دوست فوراً مدد کی پیشکش کرتا ہے۔,یار، فکر نہ کرو، میں یہ کام کر دیتا ہوں۔,ارے یار، تم نے فکر کی یہی بہت ہے، لیکن اگر تم ساتھ دے دو تو کام جلد ہو جائے گا۔,,,,,,,"""شکر ہوے، یار، تمہاری مدد سے میرا کام آسان ہو جائے گا۔",,,,,,,"""شکریہ دوست، مگر میں خود ہی یہ کام مکمل کر لوں گا۔""",,,,,,,"""بہت متحیر ہو، مگر میں آپ کی مدد سے یہ کام جلد مکمل کر دیں",,,,,,,"""شکریہ یار، تمہاری بہت مہربانی۔ بس ابھی ابھی میں یہ کام خود سنب",,,,,,
70,قریبی دوست,قریبی دوست,Low,آپ ایک مسئلے کی وجہ سے پریشان ہیں۔ آپ کا قریبی دوست آپ کو تسلی دینے کی کوشش کرتا ہے۔,یار، اتنی فکر نہ کرو، سب ٹھیک ہو جائے گا۔,امید ہے ایسا ہی ہوگا، تم نے حوصلہ دیا اس کے لیے شکریہ۔,,,,,,,"""شکریہ یار، بس ابھی کچھ سوچ سمجھ کر ہوا ہے۔""",,,,,,,"""جب تک آپ کی جانب سے نظر آے گا، سب ٹھیک ہو جائے گا۔ میری ت",,,,,,,"""شکریہ دوست، تمہاری باتوں سے مجھے تسلی ملتی ہے۔""",,,,,,,"""جی، تمہاری بات بہت سنجیدہ ہے۔ آپ کی مہربانی سے مجھے ب�",,,,,,
71,ماں,بیٹا,High,آپ گھر کے ایک کام میں مصروف ہیں۔ آپ کی والدہ آپ کو تھکا ہوا دیکھ کر مدد کی پیشکش کرتی ہیں۔,چھوڑو، میں کر دیتی ہوں، تم کافی تھک گئے ہو۔,امی، آپ زحمت نہ کریں، میں کر لوں گا، بس تھوڑا سا کام باقی ہے۔,,,,,,,"""امی، آپ کی مہربانی، مگر میں یہ کام خود کر لوں گی۔ آپ آرام کریں۔""",,,,,,,"""جی امی، آپ کی بہت مہربانی، مگر ابھی کام کا بہت زیادہ حصہ باقی ہ",,,,,,,"""امی جان، بس ابھی میں یہ کام خود مکمل کر لوں گا، اگر ضرورت پڑی تو ضرور آپ سے مد",,,,,,,"""بہت ممنوع ہو، میں کر دیں گے۔ آپ کے لیے آرام کرنا بہت مهم",,,,,,
72,والد,بیٹا,High,آپ گھر کے ایک اہم کام میں مصروف ہیں۔ آپ کے والد آپ کو اکیلے کام کرتے دیکھ کر مدد کی پیشکش کرتے ہیں۔,یہ کام اکیلے مت کرو، میں بھی تمہاری مدد کر دیتا ہوں۔,ابا جان، آپ کی مہربانی، میں تقریباً مکمل کر چکا ہوں، پھر بھی ضرورت ہوئی تو ضرور بتاؤں گا۔,,,,,,,"""شکریہ ابو، مگر میں یہ کام خود ہی کر لوں گا۔ آپ آرام کریں۔""",,,,,,,"""والد جان، میں بہت مہربانی کرتا ہوں، لیکن آپ کی مدد نہیں",,,,,,,"""جی، والد جان، آپ کی بہت مہربانی۔ مگر آپ کو بھی کام کا بوجھ ہوگا، مج",,,,,,,"""والد جان، آپ کی بہت مہربانی، مگر آپ زحمت نہ کریں۔ میں یہ کام خود مک",,,,,,
73,سینئر,جونیئر,High,آپ دفتر میں ایک کام پر کام کر رہے ہیں اور کچھ دشواری محسوس کر رہے ہیں۔ آپ کے سینئر آپ کی صورتحال دیکھ کر مدد کی پیشکش کرتے ہیں۔,اگر مشکل ہو رہی ہے تو یہ حصہ میں سنبھال لیتا ہوں۔,سر، آپ کی مہربانی، میں ایک بار خود کوشش کر لیتا ہوں، ضرورت پڑی تو ضرور آپ سے رہنمائی لوں گا۔,,,,,,,"""سر، آپ کی بہت مہربانی، مگر میں یہ کام خود سنبھال لوں گا، اگر ضرورت پ�",,,,,,,"""سر، آپ کی پیشکش کا شکریہ، مگر میں کوشش کرتا ہوں کہ خود ہی اسے حل کر لوں۔""",,,,,,,"""سر، میں اس کام کو مکمل کرنا میں کچھ مشکلیں محسوس کر رہا ہو",,,,,,,"""جی سر، آپ کی مدد سے مجھے بہت فائدہ ہوگا۔""",,,,,,
74,کزن,کزن,Low,آپ ایک ذاتی یا تعلیمی مسئلے کی وجہ سے پریشان ہیں۔ آپ کا کزن آپ کو تسلی دیتے ہوئے اپنی حمایت کا اظہار کرتا ہے۔,میں تمہارے ساتھ ہوں، فکر مت کرو۔,یار، تمہارا ساتھ ہونا ہی حوصلہ دیتا ہے۔,,,,,,,"""ارے، بس تمہاری حمایت کا شکریہ۔ بس یہی کافی ہے، بس تمہاری حمایت کا",,,,,,,"""شکریہ چاہتے ہیں، مگر آپ کی حمایت میں فائدہ ہے۔""",,,,,,,"""خدا کی راہ میں ہمیشہ ہماری مدد کا سہارا ہوتا ہے�",,,,,,,"""شکریہ، تمہاری حمایت میرے لیے بہت اہم ہے۔""",,,,,,
75,کزن,کزن,Low,آپ ایک کام کر رہے ہیں لیکن رفتار سست ہے۔ آپ کا کزن سمجھتا ہے کہ وہ یہ کام بہتر طریقے سے کر سکتا ہے، اس لیے مداخلت کرتے ہوئے مدد کی پیشکش کرتا ہے۔,یار، تم رہنے دو، میں سنبھال لیتا ہوں۔,نہیں یار، مجھے ایک بار اور کوشش کرنے دو، ضرورت ہوئی تو تمہاری مدد لے لوں گا۔,,,,,,,"""نہیں یار، میں خود ہی کر لوں گا۔ تم فکر نہ کرو، بس تھوڑا وقت لگ رہا ہے۔""",,,,,,,"""ایسا نہیں، کزن، میں یہی کر رہا تھا، بس ایک دیر سے �",,,,,,,"""شکریہ یار، بس اب کافی ہو گیا، کچھ دیر آرام کر لے۔ باقی کام میں سنبھ",,,,,,,"""بیٹا، میں تصور کرتا ہے کہ تم ایسے کام کے لیے بہتر ہو۔ مگ",,,,,,
76,قریبی دوست,قریبی دوست,Low,آپ اور آپ کا قریبی دوست کھانا کھانے کے بعد بل ادا کرنے لگتے ہیں۔ آپ کا دوست اصرار کرتا ہے کہ وہ ادائیگی کرے گا۔,یار، رہنے دو، آج بل میری طرف سے ہے۔,یارتمہاری مہربانی اس دفعہ مجھے دینے دو اگلی بار تم دے دینا۔,,,,,,,"""نہیں، یار، تمہاری مہربانی، بل ادا کرنے کا یہ موقع مجھے مل گی",,,,,,,"""نہیں یار، آج مجھے یہ موقع دینا ہے، میں بل ادا کروں گا۔""",,,,,,,"""بہت مبارک ہو، مگر آج میں کچھ دیر آرام کرنا چاہتا ہوں۔ آ",,,,,,,"""بہت شکری۔ آپ کی بہت مہربانی، مگر آج بل میری طرف سے ہے۔""",,,,,,
77,قریبی دوست,قریبی دوست,Low,آپ اور آپ کا قریبی دوست ایک ریسٹورنٹ میں کھانا کھانے کے بعد بل ادا کرنے لگتے ہیں۔ آپ کا دوست مزاحیہ انداز میں ادائیگی کی ذمہ داری اپنے اوپر لینے پر اصرار کرتا ہے۔,یار، آج تم جیب میں ہاتھ نہیں ڈالنا، بل میری طرف سے ہے۔,یار، ایسا نہیں ہو سکتا ہر بار تم ہی بچ جاتے ہو، آج مجھے بل دینے دو۔,,,,,,,"""جی، یار، بس یہی ہوگا۔ تمہارے لیے کافی ہے، میں بل",,,,,,,"""بہت مبارک ہو، یار۔ میں اسی طرح آپ کی مدد کر دیتا ہوں۔""",,,,,,,"""نہیں یار، آج میں بل ادا کروں گا، تم نے پچھلی بار کیا تھا۔""",,,,,,,"""بہت خوب! بس تمہاری بہت مہربانی، مگر میں نے پہلے ہی",,,,,,
78,پڑوسی,پڑوسی,Medium,آپ اور آپ کے پڑوسی ایک ساتھ کھانا کھانے کے بعد بل ادا کرنے لگتے ہیں۔ آپ کے پڑوسی مؤدبانہ انداز میں ادائیگی کی ذمہ داری لینا چاہتے ہیں۔,اجازت دیجیے، آج کا بل میں ادا کر دیتا ہوں۔,بہت مہربانی، لیکن اس بار مجھے یہ موقع دیجیے۔,,,,,,,"""بہت مشرب، جیسے ہوا۔ آج کا بل ایک بار میں ادا کر دیتا ہوں",,,,,,,"""بہت شکری۔ آپ کی بہت مہربانی، مگر آج مجھے یہ موقع دیجیے۔ آ",,,,,,,"""نہیں، آپ کی مہربانی، مگر آج میں بل ادا کروں گا۔""",,,,,,,"""جی، آپ کی مہربانی قبول کرتی ہوں۔ آج کا بل مجھے ادا کرنے میں",,,,,,
79,پڑوسی,پڑوسی,Medium,آپ اور آپ کے پڑوسی ایک ساتھ کھانا کھانے کے بعد بل کی ادائیگی کے بارے میں بات کر رہے ہیں۔ آپ کے پڑوسی مؤدبانہ انداز میں بل ادا کرنے کی پیشکش کرتے ہیں۔,اگر آپ مناسب سمجھیں تو میں بل ادا کر دوں۔,آپ کی نوازش ہے، لیکن اس بار مجھے یہ خوشی حاصل کرنے دیجیے۔,,,,,,,"""جی، آپ کی بہت مہربانی، بل ادا نہیں لینا پڑے گا۔""",,,,,,,"""جی، میں بل ادا کر دوں گا۔"" (Answer A)
""میں بل ادا کر دوں گا۔"" (Answer",,,,,,,"""شکریہ، مگر میں بل ادا کر لیتا ہوں۔ آپ کی مہربانی ہے!""",,,,,,,"""بھائی، میں اس کے لیے مناسب ہوں۔ آج کا کھانے کا بل میں ادا ک",,,,,,
80,بھائی,بہن,Medium,آپ اور آپ کے بھائی ایک ریسٹورنٹ میں کھانا کھانے کے بعد بل ادا کرنے لگتے ہیں۔ آپ کا بھائی محبت سے ادائیگی اپنے ذمے لینا چاہتا ہے۔,تم مت نکالو، آج بل میری طرف سے ہے۔,بھائی، ہر بار آپ ہی دیتے ہیں، اس بار مجھے دینے دیجیے۔,,,,,,,"""بھائی، میں ایسا نہیں میانت دیتا، آج بل میری طرف سے ہے۔""",,,,,,,"""بھائی، آپ کی محبت کا یہ رویہ بہت پیارا ہے، لیکن آج مجھے ی�",,,,,,,"""نہیں بھائی، آج مجھے یہ موقع دو۔ میں بل ادا کرنا چاہتا ہوں۔""",,,,,,,"""بھائی، مت نکالو، بل میری طرف سے ہے، تم صرف بھروسہدار بنو۔""",,,,,,
81,بڑی بہن,بھائی,Medium,آپ اپنی بڑی بہن کے ساتھ کھانا کھانے کے بعد بل ادا کرنے لگتے ہیں۔ وہ محبت سے ادائیگی اپنے ذمے لینے کی پیشکش کرتی ہیں۔,میں بل دے دیتی ہوں۔,باجی، آپ کی مہربانی، لیکن اس بار مجھے دینے دیجیے۔,,,,,,,"""نہیں آپی، آپ نے پہلے ہی بہت کچھ کیا ہے، آج بل میں ہی ادا کرتا ہوں۔""",,,,,,,"""بہن، آپ کی بہت مہربانی، مگر میں بل خود ادا کر لوں گا، اگر ضرورت پڑ",,,,,,,"""جی بہن، آپ کی بہت مہربانی، بل ادا کرنے کا موقع مجھے خود ہی مل�",,,,,,,"""بہن جان، میں بل ادا کر لیتا ہوں، آپ فکر نہ کریں۔""",,,,,,
82,استاد,طالب علم,Medium,ایک تعلیمی ملاقات کے بعد آپ اپنے استاد کے ساتھ چائے پینے گئے ہیں۔ بل آنے پر استاد ادائیگی اپنے ذمے لینے پر اصرار کرتے ہیں۔,آج آپ میرے مہمان ہیں، بل کی فکر نہ کریں۔,سر، آپ کی عنایت ہے، لیکن آپ نے پہلے ہی بہت وقت دیا، مجھے بھی کچھ خدمت کا موقع دیجیے۔,,,,,,,"""سر، آپ کی مہربانی ہے، مگر میں آج کا بل خود ادا کرنا چاہتا ہوں۔""",,,,,,,"""جی، آپ کی مہربانی میں فخر ہے، بل میں آ آں گا۔""",,,,,,,"""استاد صاحب، آپ کی بہت مہربانی، مگر میں آپ کی دعوت قبول نہیں کر سکتا۔",,,,,,,"""جی سر، آپ کی مہربانی قبول کرتی ہوں، لیکن یہ میرا فرض ہے کہ آپ",,,,,,
83,استاد,طالب علم,Medium,استاد دوستانہ لیکن پُرعزم انداز میں بل ادا کرنے پر اصرار کرتے ہیں۔,اس پر مزید بحث نہیں، آج بل میں ادا کروں گا۔,سر، یہ آپ کی مہربانی ہے، لیکن واقعی اس کی ضرورت نہیں۔,,,,,,,"""استاد، آپ کی بہت مہربانی، مگر آج مجھے یہ موقع دیجیے۔ آج کی کامیابی",,,,,,,"""سر، آپ کی مہربانی ہے، مگر میں یہ بل ادا کرنا چاہتا ہوں۔""",,,,,,,"""سر، میں آج بل میں ادا کر دیتا ہوں۔""",,,,,,,"""جی سر، آپ کی مہربانی قبول کرتی ہوں۔ بل ادا کرنے کے لیے آج ضرور",,,,,,
84,دوست,دوست,Low,آپ اور آپ کا قریبی دوست کھانا کھانے کے بعد بل کی ادائیگی پر بحث کر رہے ہیں۔ آپ کا دوست پُرزور انداز میں ادائیگی اپنے ذمے لینے پر اصرار کرتا ہے۔,یار، بس آج بل میں دے رہا ہوں، بات ختم۔,اچھا یار، اس بار تمہاری مرضی، لیکن اگلی بار مجھے موقع دینا۔,,,,,,,"""بہت بہترین! لیکن، آپ کی بہت مہربانی، مگر میں آپ کی دعوت کے لیے",,,,,,,"""نہیں، یار، بس یہ نہیں چاہیے۔ میں نے آپ کو کھ",,,,,,,"""ٹھیک ہے، مگر اگلی بار میں بل ادا کروں گا، یہ وعدہ ہے!""",,,,,,,"""بہت مشرم ہو، لیکن آپ کی مہربانی میرے لیے بہت اہم ہے۔",,,,,,
85,دوست,دوست,Low,آپ بل ادا کرنا چاہتے ہیں، لیکن آپ کا دوست آپ کی پیشکش کو رد کرتے ہوئے خود ادائیگی پر اصرار کرتا ہے۔,تمہیں بل دینے کی ضرورت نہیں، میں دے دوں گا۔,شکریہ یار، لیکن اگلی بار مجھے موقع ضرور دینا۔,,,,,,,"""آپ کی مہربانی میں شکریہ، لیکن میں خود ادائیگی کرکے آپ ک",,,,,,,"""دوست، بس آپ کی مہربانی کے لیے، بل ادا کروں گا، بس اتنا ہی کافی �",,,,,,,"""میں آپ کی بہت مہربانی کا شکریہ، لیکن آپ کی اصرار پر مجھے یقین ہ",,,,,,,"""یار، میں واقعی چاہتا ہوں کہ آج کا بل میں ادا کروں، تمہاری مہربانی کا شکریہ!""",,,,,,
86,والد,بیٹا,High,آپ اپنے والد کے ساتھ کھانے پر ہیں۔ بل آنے پر وہ فیصلہ کن انداز میں ادائیگی اپنے ذمے لیتے ہیں۔,بیٹا، آج کا بل میں ادا کروں گا۔,جی ابو، جیسا آپ مناسب سمجھیں۔,,,,,,,"""جی، والد جان، میں آج کا بل میں ادا کر دیتا ہوں۔""",,,,,,,"""جی، والد جان، آپ کی مہربانی اپنی جگہ، مگر آج مجھے یہ موقع دیجیے۔ آج",,,,,,,"""والد جان، آپ کی بہت مہربانی، مگر آج مجھے یہ موقع دیجیے۔ آج کی کامی",,,,,,,"""نہیں بابا، آج مجھے یہ موقع دیں، میں بل ادا کرنا چاہتا ہوں۔""",,,,,,
87,والد,بیٹا,High,آپ اپنے والد کے ساتھ کھانے پر ہیں۔ بل آنے پر وہ آپ کے اخراجات کا خیال رکھتے ہوئے ادائیگی کرنا چاہتے ہیں۔,بل مجھے دے دو، میں ادا کر دیتا ہوں۔,ابو، آپ کا خیال اپنی جگہ، لیکن اس بار مجھے موقع دیجیے۔,,,,,,,"""جی، بہت محسوس ہے کہ آپ کی مہربانی میں کچھ نہیں ہے۔ مگ",,,,,,,"""نہیں پیارے بابا، آپ کی مہربانی نہیں، بل مجھے ہی ادا کر",,,,,,,"""نہیں ابو، آپ نے ہمیشہ میرا خیال رکھا ہے، آج مجھے یہ موقع دیں، میں بل ادا کرتا ہوں۔""",,,,,,,"""والد جان، آپ کی بہت مہربانی، مگر آپ زحمت نہ کریں۔ میں یہ بل خود اد",,,,,,
88,سینئر,جونیئر,High,ایک پیشہ ورانہ ملاقات کے بعد آپ اپنے سینئر کے ساتھ کھانے پر ہیں۔ بل آنے پر وہ فیصلہ کن انداز میں ادائیگی اپنے ذمے لے لیتے ہیں۔,نہیں، یہ بل کمپنی کی طرف سے سمجھیں، میں دیکھ لیتا ہوں۔,جی سر، بہت شکریہ، میں آپ کی بات کا احترام کرتا ہوں۔,,,,,,,"""سر، آپ کی بہت مہربانی، مگر میں آپ کی دعوت قبول نہیں کرسکتا۔ بل کم",,,,,,,"""جی، آپ کی مہربانی اپنی جگہ، مگر آج مجھے یہ موقع دیجیے۔ آج کی ملاق",,,,,,,"""سر، آپ کی مہربانی ہے، مگر میں چاہتا ہوں کہ آج کا بل میں ہی ادا کروں۔""",,,,,,,"""سر، میں اس کام کو کامیابی سے پیش کر لیتا ہوں، آپ کی مدد کے",,,,,,
89,کزن,کزن,Low,آپ اپنے کزن کے ساتھ کھانا کھانے کے بعد بل ادا کرنے لگتے ہیں۔ آپ کا کزن دوستانہ انداز میں ادائیگی اپنے ذمے لینے کی پیشکش کرتا ہے۔,آج کھانا میری طرف سے، تم بس آرام کرو۔,بہت شکریہ، لیکن بل بانٹ لیتے ہیں، یہی بہتر رہے گا۔,,,,,,,"""نہیں یار، آج کا بل میں ہی ادا کروں گا۔ تم نے دعوت دی تھی، یہ میرا حق ہے۔""",,,,,,,"""یار، تم بہت مہرباز ہو، مگر میں کھانے کا بل خود ادا کروں گ",,,,,,,"""بیٹا، میں ادائیگی کرتا ہوں، آپ کچھ دیر آرام کریں۔""",,,,,,,"""جی، کزن جان، آپ کی بہت مہربانی۔ مجھے یہی کافی ہے کہ آپ دون",,,,,,
90,کزن,کزن,Low,آپ اور آپ کا کزن کھانے کے بعد بل ادا کرنے لگتے ہیں۔ آپ کا کزن خرچ برابر تقسیم کرنے کی تجویز دیتا ہے۔,یار، بل آدھا آدھا کر لیتے ہیں۔,ارے نہیں، آج مجھے موقع دو، اگلی بار تم حساب برابر کر دینا۔,,,,,,,"""بہت مبارک ہو، آدھا آدھا کر لیں۔""",,,,,,,"""جی یار، بل بھی آدھا آدھا کر لیتے ہیں، بس یہی مناسب ہے",,,,,,,"""نہیں یار، میں بل خود ہی ادا کر لیتا ہوں۔ تمہاری مہربانی کا شکریہ!""",,,,,,,"""جی، بل آدھا آدھا کر دیں گے۔""",,,,,,
91,دادا,پوتا,High,آپ کے دادا بازار جانے کی تیاری کر رہے ہیں اور چاہتے ہیں کہ آپ ان کے ساتھ چلیں۔,میرے ساتھ بازار چلو گے؟,جی دادا جان ضرور چلوں گا۔,,,,,,,"""بلیں، میں آپ کے ساتھ چلیں گی۔""",,,,,,,"""جی دادی، مجھے بھی یہی ہوا کرتا تھا۔ آج کے بازار میں کچھ",,,,,,,"""جی دادا، میں آپ کے ساتھ چلوں گا۔""",,,,,,,"""جی دادا جان، میں آپ کے ساتھ چلیں گا۔""",,,,,,
92,دادی,پوتی,High,آپ کی دادی آپ کی طبیعت کے بارے میں فکر مند ہیں اور دوا وقت پر لینے کی نصیحت کر رہی ہیں۔,بیٹا، وقت پر دوا لینا مت بھولنا۔,جی دادی جان، میں خیال رکھوں گی، آپ بالکل فکر نہ کریں۔,,,,,,,"""جی دادی، آپ کی نصیحت پر توجہ دیتی ہوں گی۔""",,,,,,,"""جی دادی، میں وقت پر دوا لے لوں گی۔ آپ کی فکر کا بہت شکریہ۔""",,,,,,,"""جی دادی، میں اس کے لیے ذہن رکھتے ہیں۔ وقت پر دوا لینے کی",,,,,,,"""جی دادی، میں وقت پر دوا لینا مت بھولوں گا۔""",,,,,,
93,والد,بیٹا,High,آپ کے والد اگلے دن کے ایک ضروری کام کے لیے آپ کو وقت کی پابندی کی تاکید کر رہے ہیں۔,کل صبح جلدی اٹھ جانا، ہمیں ایک کام سے ساتھ جانا ہے۔,جی ابو، ان شاء اللہ وقت پر اٹھ جاؤں گا۔,,,,,,,"""جی ابو، کل صبح جلدی اٹھوں گا۔""",,,,,,,"""جی، والد جان، کل صبح جلدی اٹھوں گا، آپ کی توقع کے مطابق تیار ہوں گا�",,,,,,,"""جی، والد جان، میں کل صبح جلدی آں گا۔""",,,,,,,"""جی ابو، میں وقت پر اٹھ جاؤں گا۔""",,,,,,
94,والدہ,بیٹی,High,آپ کی والدہ گھر کے کاموں میں مصروف ہیں اور آپ سے ایک کام کرنے کو کہتی ہیں۔,بیٹا، ذرا یہ کام ابھی نمٹا لو۔,ٹھیک ہے امی، ابھی کر دیتی ہوں۔,,,,,,,"""جی امی، ابھی کرتی ہوں۔ آپ فکر نہ کریں، سب کام جلدی کر لوں گی۔""",,,,,,,"""جی امی، میں اس کام کو خود سنبھالیں گا، اگر ضرورت پڑی تو ضرور مدد لے لوں گ",,,,,,,"""جی امی، ابھی آئی۔ آپ فکر نہ کریں، ہم مل کر سب کام جلدی مکمل کر لیتے",,,,,,,"""جی دادی، ذرا آ جاؤں گے۔ آپ کے لیے کام کرنا میری بہت مہربان",,,,,,
95,چچا,بھتیجا,High,آپ کے چچا کسی کام میں مصروف ہیں اور آپ سے ایک فائل لانے کو کہتے ہیں۔,بیٹا، ذرا وہ فائل میرے پاس لے آؤ۔,جی چچا جان، ابھی لے کر آتا ہوں۔,,,,,,,"""چچا جان، آپ کی مہربانی بہت محسوس ہے۔ مگر میں اس فائل لے آتا",,,,,,,"""جی چچا جان، بس ابھی آئی۔""",,,,,,,"""جی چچا جان، آئیے جانتا ہوں، بس آئیے۔""",,,,,,,"""جی چچا، ابھی لاتا ہوں۔""",,,,,,
96,خالہ,بھانجی,High,آپ کی خالہ کسی کام میں مصروف ہیں اور اپنے کمرے سے ایک بیگ منگواتی ہیں۔,بیٹا، ذرا وہ بیگ میرے کمرے سے لے آؤ۔,جی خالہ جان، ابھی لے آتی ہوں۔,,,,,,,"""خالہ جان، آپ کی بہت مہربانی، مگر آپ زحمت نہ کریں۔ میں یہ کام",,,,,,,"""جی، میں اس کام میں مدد کر رہا ہوں، اور وہ بیگ بھی لے آتا",,,,,,,"""جی خالہ، ابھی لاتی ہوں۔""",,,,,,,"""جی، آمی، وہ بیگ میں ہے، میں اسے جلد لے آؤں گا۔""",,,,,,
97,ماموں,بھانجا,High,آپ کے ماموں کسی کام کے لیے آپ کی مدد چاہتے ہیں اور آپ کو اپنے ساتھ چلنے کو کہتے ہیں۔,بیٹا، کل میرے ساتھ جانا، مجھے تمہاری ضرورت پڑے گی۔,جی ماموں جان، آپ فرمائیں، میں ضرور ساتھ چلوں گا۔,,,,,,,"""جی ماموں، میں ضرور آؤں گا، آپ بتائیں کیا کرنا ہے۔""",,,,,,,"""جی، مامو جان، کل آں گے۔ میں آپ کی جانب سے بہت خوشی ہوں گ",,,,,,,"""جی ماموں، آپ کی ضرورت پڑنے پر ضرور جاؤں گا۔""",,,,,,,"""ماموں جان، آپ کی بہت مہربانی، مگر میں نے کل کے لیے اپنے پاس کام",,,,,,
98,استاد,طالب علم,Medium,آپ کے استاد امتحان کی تیاری کے سلسلے میں آپ کو ایک اہم باب پر توجہ دینے کا مشورہ دیتے ہیں۔,امتحان سے پہلے یہ باب دوبارہ پڑھ لینا۔,جی سر، میں اس پر دوبارہ توجہ دوں گا۔,,,,,,,"""جی سر، میں اس باب پر خاص توجہ دوں گا۔ شکریہ!""",,,,,,,"""جی استاد، میں دوبارہ پڑھ لیتا ہوں۔""",,,,,,,"""جی، میں اس باب کو دوبارہ پڑھ کر تیاری کر دیتا ہوں۔""",,,,,,,"""جی، سر، میں یہ ضرور پڑھ لوں گا۔ آپ کی توجہ کا شکریہ، یہ",,,,,,
99,استاد,طالب علم,Medium,آپ کے استاد آپ کے حل یا کام میں ایک غلطی کی نشاندہی کرتے ہیں اور اسے درست کرنے کا کہتے ہیں۔,یہ طریقہ درست نہیں، اسے دوبارہ کرو۔,جی سر، میں اسے درست کر لیتا ہوں۔,,,,,,,"""جی سر، آپ کی نشاندہی کا شکریہ۔ میں اس غلطی کو دور کر کے دوبارہ کروں",,,,,,,"""جی استاد، میں اسے دوبارہ کروں گا۔""",,,,,,,"""جی سر، میں اس پر دوبارہ کام کرتا ہوں اور اسے درست کر دیتا ہوں۔""",,,,,,,"""جی، میں اسے دوبارہ کر دیتا ہوں۔ شکریہ کہ آپ نے میری جانب س",,,,,,
100,بزرگ پڑوسی,نوجوان,High,آپ کے بزرگ پڑوسی گھر کے باہر کھڑے ہیں اور آپ سے گیٹ بند کرنے کو کہتے ہیں۔,بیٹا، ذرا یہ گیٹ بند کر دو۔,جی انکل، ابھی بند کر دیتا ہوں۔,,,,,,,"""جی چچا، ابھی بند کر دیتا ہوں۔""",,,,,,,"""جی، میں گیٹ بند کر لوں گا، بس ابھی آئی۔""",,,,,,,"""جی، چلو گیٹ بند کروں گا۔""",,,,,,,"""جی، ذرا صبور رہیں، میں آگے بڑھاکر یہ کام کر دیتا ہوں۔",,,,,,
101,بزرگ خاتون,نوجوان لڑکی,High,ایک بزرگ خاتون گھر کے باہر کھڑی ہیں اور آپ سے سامان اندر رکھنے میں مدد مانگتی ہیں۔,بیٹی، ذرا یہ سامان اندر رکھ دو۔,جی اماں جی، ابھی اندر رکھ دیتی ہوں۔,,,,,,,"""جی آنٹی، میں آپ کی مدد کرتی ہوں۔""",,,,,,,"""جی امی، بس ابھی آئی۔ آپ فکر نہ کریں، ہم مل کر سب کام جلدی مکمل کر لیتے",,,,,,,"""جی، آئی آنجے رکھ دیں۔""",,,,,,,"""جی، امی، آئیے۔ آپ کے لیے یہی کافی ہو گا، میں یہ سام",,,,,,
102,والد,بیٹا,High,آپ کے والد کسی ناپسندیدہ کام پر ناراضی کا اظہار کرتے ہوئے آپ سے وضاحت طلب کر رہے ہیں۔,میں نے تم سے منع کیا تھا، پھر یہ کیوں کیا؟,جی ابو، مجھ سے غلط فیصلہ ہو گیا، آئندہ آپ کی بات کا زیادہ خیال رکھوں گا۔,,,,,,,"""پapa جان، مجھے لگتا ہے کہ آپ کی بات سمجھ میں نہیں آئی �",,,,,,,"""ابا، مجھے معاف کریں، میں نے غلطی کی ہے۔ آئندہ دھیان رکھوں گا۔""",,,,,,,"""والد جان، میں نے تم سے اس کام سے ناچال کیا تھا، لیکن میں نے",,,,,,,"""والد جان، میں نے سوچا کہ یہ کام بہترین طریقے سے انجام دیا جا سکے گا",,,,,,
103,دادا,پوتا,High,آپ معمول سے کافی دیر بعد گھر پہنچے ہیں اور آپ کے دادا آپ سے وجہ پوچھ رہے ہیں۔,اتنی دیر کیوں ہو گئی؟,معاف کیجیے دادا جان، دیر ہو گئی، آئندہ خیال رکھوں گا۔,,,,,,,"""دادا جان، راستے میں کچھ کام آ گئے تھے، اس لیے دیر ہو گئی۔""",,,,,,,"""دادا جان، آپ کی بہت مہربانی، مگر میں کافی دیر کیوں گئی۔",,,,,,,"""دادا جان، بس اتنی دیر ہو گئی۔""",,,,,,,"""دادا جان، مجھے کسی کام کی وجہ سے کافی دیر لگی، اب آ گیا ہوں۔""",,,,,,
104,امی,بیٹا,High,آپ گھر سے باہر جا رہے ہیں۔ آپ کی والدہ محبت بھرے انداز میں اپنی فکر کا اظہار کرتی ہیں۔,بیٹا، باہر دیر تک مت رہنا، مجھے فکر ہوتی ہے۔,اچھا امی، میں جلد واپس آ جاؤں گا، آپ پریشان نہ ہوں۔,,,,,,,"""امّی جان، بس ابھی آپ کا بہت شکریہ۔ آپ کی فکر کا بہت شکریہ، بس ابھ",,,,,,,"""جی امی، بس آج کے کام مکمل ہو جائیں گے، فिकر نہ کریں۔""",,,,,,,"""والدین جان، میں کچھ دیر تک رہا گا، آپ کی محبت کو بھی فکر کر",,,,,,,"""جی امی، آپ فکر نہ کریں، میں جلدی واپس آ جاؤں گا۔""",,,,,,
105,تایا,بھتیجا,High,آپ کے تایا آپ کو زندگی کے ایک اہم معاملے پر نصیحت کر رہے ہیں۔,بیٹا، ایک بات سمجھا رہا ہوں، ذرا توجہ سے سنو۔,جی تایا جان، میں پوری توجہ سے سن رہا ہوں۔,,,,,,,"""جی، تایا جان، کہیں کہیں سننے کا موقع ملے گا، آپ کہیں ک",,,,,,,"""جی، میں توجہ سے سن رہا ہوں، بیٹا۔ میں آپ کی نصیحت کو س",,,,,,,"""جی تایا، میں سن رہا ہوں، آپ کی باتیں میرے لیے بہت اہم ہیں۔""",,,,,,,"""جی ابو جان، میں سن رہا ہوں۔""",,,,,,
106,والد,بیٹا,High,آپ کے والد مہمانوں کی آمد سے پہلے گھر کی تیاریوں میں مصروف ہیں اور آپ سے تعاون چاہتے ہیں۔,بیٹا، کل مہمان آ رہے ہیں، ذرا گھر کے کاموں میں مدد کر دینا۔,جی ابو، آپ بے فکر رہیں، میں وقت پر سب کام سنبھال لوں گا۔,,,,,,,"""والد جان، بس ابھی آئی۔ آپ فکر نہ کریں، ہم مل کر سب کام جلدی مکمل کر لیتے",,,,,,,"""جی، امی، ابھی آئیے، آپ کی مدد کرنے کے لیے تیار ہوں۔""",,,,,,,"""جی، والد جان، میں ذرا آ جاؤں گا اور گھر کے کاموں میں مدد ک",,,,,,,"""جی ابو، میں فوراً آتا ہوں۔ آپ فکر نہ کریں، ہم سب کام جلدی مکمل کر لیں گے۔""",,,,,,
107,والدہ,بیٹی,High,گھر میں مہمان آنے والے ہیں اور آپ کی والدہ تیاریوں میں مصروف ہیں اور آپ سے مدد چاہتی ہیں۔,بیٹا، ذرا کچن میں ہاتھ بٹا دو۔,جی امی، ابھی آتی ہوں، بتائیے کیا کرنا ہے۔,,,,,,,"""جی امی، ابھی آئی۔ آپ فکر نہ کریں، ہم مل کر سب کام جلدی مکمل کر لیتے",,,,,,,"""جی امی، ابھی آئی۔ آپ فکر نہ کریں، ہم مل کر سب کام جلدی مکمل کر لیتے",,,,,,,"""جی دادی، مہمانوں کی آمد سے پہلے کچھ تیاری کر لیں گے۔ آپ",,,,,,,"""جی امی، ابھی آئی۔ آپ فکر نہ کریں، ہم مل کر سب کام جلدی مکمل کر لیتے ہیں۔""",,,,,,
108,چچا,بھتیجا,High,آپ کے چچا خریداری کے لیے جا رہے ہیں اور آپ کو ساتھ چلنے کے لیے کہتے ہیں۔,کل میرے ساتھ بازار جانا ہے، کچھ سامان لینا ہے۔,جی چچا جان، آپ فکر نہ کریں، میں ساتھ چلوں گا۔,,,,,,,"""چچا جان، آپ کی مہربانی محسوس ہے، مگر میں اپنا بھی کام کر ر",,,,,,,"""چچا جان، کل میں مصروف ہوں، لیکن آپ خود جا کر سامان لے آئیں۔""",,,,,,,"""جی چچا جان، میں آپ کے ساتھ چلوں گا، آپ کی کوششوں کی ضرurat ہے�",,,,,,,"""جی چچا جان، کل میرے ساتھ چلیں گے، بس آپ کو یاد رکھیں کہ میں ک",,,,,,
109,خالہ,بھانجی,High,گھر میں مہمانوں کی آمد متوقع ہے اور آپ کی خالہ آپ سے تیاریوں میں مدد چاہتی ہیں۔,بیٹا، مہمانوں کے لیے ذرا کمرہ تیار کر دو، وہ آنے والے ہیں۔,جی خالہ جان، ابھی کر دیتی ہوں۔,,,,,,,"""خالی، بس ابھی آئی۔ آپ فکر نہ کریں، ہم مل کر سب کام جلدی مکمل کر لیتے",,,,,,,"""جی، امی، ابھی آئی۔ آپ کو چلو، میں جلدی کمرہ تیار کر لوں گی۔""",,,,,,,"""جی، مہمانوں کے لیے کمرہ تیار کر رہا ہوں۔ آپ کی مدد کرنا م",,,,,,,"""جی خالہ، ابھی کرتی ہوں۔ آپ فکر نہ کریں، سب کچھ جلدی تیار کر لوں گی۔""",,,,,,
110,دادا,پوتا,High,آپ کے دادا کو اپنی روزمرہ کی دوائی کی ضرورت ہے اور وہ آپ سے مدد چاہتے ہیں۔,بیٹا، ذرا میری دوائی لے آؤ۔,جی دادا جان، ابھی لے آتا ہوں، آپ آرام کریں۔,,,,,,,"""جی دادی، آؤں گا، آپ کی دوائی لے کر آؤں گا۔""",,,,,,,"""جی دادا جان، بس ابھی آئی۔ آپ فکر نہ کریں، میں یہ دوائی خود لے آؤں",,,,,,,"""جی دادا، ابھی لاتا ہوں۔""",,,,,,,"""جی دادا، میں آپ کی دوائی لے آتا ہوں۔""",,,,,,
111,دادی,پوتی,High,آپ کی دادی آرام کر رہی ہیں اور آپ سے ایک گلاس پانی لانے کی درخواست کرتی ہیں۔,بیٹی، ذرا میرے لیے پانی لے آنا۔,جی دادی جان، ابھی لاتی ہوں۔,,,,,,,"""جی دادی، ابھی لاتی ہوں۔""",,,,,,,"""جی دادی، آئی گی آپ کے لیے پانی لیتا ہوں۔""",,,,,,,"""جی امی، بس ابھی آئی۔ آپ فکر نہ کریں، ہم مل کر سب کام جلدی مکمل کر لیتے",,,,,,,"""جی دادی، آئی۔ پانی لایا کروں گیا، آپ آرام کریں۔""",,,,,,
112,بھائی,بہن,Medium,آپ کا بھائی کچھ سامان اٹھائے ہوئے ہے اور آپ سے تھوڑی مدد مانگتا ہے۔,ذرا میرا بیگ پکڑ لو، ہاتھ بھرے ہوئے ہیں۔,ہاں، دو، میں سنبھال لیتی ہوں۔,,,,,,,"""جی بھائی، میں پکڑ لوں گی، آپ فکر نہ کریں۔""",,,,,,,"""چلو، بیگ پکڑ لوں گا، آپ کچھ دیر آرام کرو۔""",,,,,,,"""میں پکڑ لوں گا، بس ابھی آئی۔""",,,,,,,"""بھائی، میرے بیگ سے مدد لینے کیلئے م小时前
ìnput
生成一段自然的乌尔都语",,,,,,
113,بہن,بھائی,Medium,آپ کی بہن آپ سے اپنا فون چارج کرنے کے لیے چارجر مانگتی ہے۔,ذرا فون چارجر دے دینا، بیٹری ختم ہونے والی ہے۔,ہاں، یہ رہا، استعمال کر لو۔,,,,,,,"""بیٹی، سوری! میں نے ابھی چارجر تلاش کیا ہے، ابھی دیتا ہو�",,,,,,,"""چلو، فون چارجر دیتا ہوں۔""",,,,,,,"""جی، یہ لو، جلدی چارج کر لو۔""",,,,,,,"""بہن جان، آج کے لیے میں فون چارجر نہیں دے سکتا، لیکن آپ ک",,,,,,
114,سسر,داماد,High,آپ کے سسر آپ سے ایک کام میں مدد کی درخواست کرتے ہیں۔,بیٹا، فرصت ملے تو ذرا یہ کام دیکھ لیجیے گا۔,جی ابا جی، میں دیکھ لیتا ہوں۔,,,,,,,"""جی، سسر جان، میں یہ کام خود مکمل کر لوں گا، مگر اگر ضرورت پڑی تو ضرور آپ سے",,,,,,,"""جی ابو، میں فوراً دیکھ لیتا ہوں۔""",,,,,,,"""جی، میں اس کام کو دیکھ لیتا ہوں۔ اگر کسی مدد کی ضرورت",,,,,,,"""جی، چلو، میں دیکھ لوں گا۔ آپ بتائیے کہ یہ کام کیا ہے اور",,,,,,
115,ساس,بہو,High,گھر میں مہمان آنے والے ہیں اور آپ کی ساس آپ کو تیاریوں کی یاد دہانی کرا رہی ہیں۔,آج مہمان آ رہے ہیں، کھانے کا انتظام کرنا ہے۔,جی امی جان، آپ بتا دیجیے کیا کیا بنانا ہے۔,,,,,,,"""جی ساس، میں سب کچھ تیار کر رہی ہوں۔ آپ فکر نہ کریں۔""",,,,,,,"""ساسی، بس ابھی آئی۔ آپ فکر نہ کریں، ہم مل کر سب کام جلدی مکمل کر لیتے",,,,,,,"""جی امی، ابھی کچھ کام باقی ہیں، آپ کو کھانا بنانے کی فکر نہ کریں،",,,,,,,"""جی، مہمانوں کے لیے کچھ خاص کھانے کردمیں آپ کی مدد کرتی ہو",,,,,,
116,والد,بیٹا,High,آپ کے والد اس بات پر ناراض ہیں کہ آپ ایک ذمہ داری وقت پر پوری نہیں کر سکے۔,میں نے کہا تھا یہ کام آج ہی کر دینا۔,جی ابو، میں ابھی یہ کام کر دیتا ہوں۔,,,,,,,"""والد جان، میں نے کہا تھا یہ کام آج ہی کر دینا، مگر یہاں",,,,,,,"""آپ کی ناراضی کو مفہوم ہے، مگر میں کام کو آج ہی مکمل کر ل",,,,,,,"""جی ابو، مجھے افسوس ہے کہ میں وقت پر نہیں کر سکا۔ آئندہ اس بات کا خاص خیال رکھوں گا۔""",,,,,,,"""بابا، مجھے معاف کر دیجیے، میں نے بہت کوشش کی لیکن یہ کام مشکل ہ",,,,,,
117,والدہ,بیٹا,High,آپ کی والدہ گھر کے کام کرتے کرتے تھک گئی ہیں اور آپ سے شکوہ کر رہی ہیں۔,ہر کام مجھے ہی کرنا پڑتا ہے؟,اچھا امی، آپ رہنے دیں، میں کر لیتا ہوں۔,,,,,,,"""بیٹا، سچی بات یہ ہے کہ تمہاری مدد کے بغیر یہ کام مشکل ہو ج",,,,,,,"""جبکہ آپ تھک رہے ہیں، میں کچھ کام کر سکتا ہوں۔ آپ کے ل",,,,,,,"""جی امی، مجھے لگتا ہے کہ آپ کو بھی تھکا ہوا ہے، می�",,,,,,,"""امی، میں آپ کی مدد کرنے کے لیے حاضر ہوں، بس مجھے بتائیں کہ کیا کرنا ہے۔""",,,,,,
118,تایا,بھتیجا,High,آپ کے تایا ایک ضروری کام میں مصروف ہیں اور آپ سے کچھ کاغذات منگواتے ہیں۔,بیٹا، ذرا یہ کاغذات میرے پاس لے آؤ۔,جی تایا جان، ابھی لے آتا ہوں۔,,,,,,,"""جی، امی جان، بس ابھی کاغذات لے آؤں گا۔""",,,,,,,"""جی تایا، ابھی لاتا ہوں۔""",,,,,,,"""جی، چل آؤں گا، تایاجی۔""",,,,,,,"""جی، میں آئے گا اور یہ کاغذات لے آتا ہوں۔""",,,,,,
119,کزن,کزن,Low,آپ کا کزن ایک مختصر کام کے لیے باہر جا رہا ہے اور چاہتا ہے کہ آپ بھی ساتھ چلیں۔,یار، ذرا میرے ساتھ چلنا، ایک کام ہے۔,ہاں یار، چلو، کوئی مسئلہ نہیں، چلتے ہیں۔,,,,,,,"""جی، میں آپ کے ساتھ چلنا چاہتی ہوں، مگر ابھی کچھ کام ایک س",,,,,,,"""چلو، میں بھی ساتھ چلتا ہوں۔""",,,,,,,"""یار، میں بھی آجاؤں گا، پھر کیا ہوا؟""",,,,,,,"""بہت مبارک ہو، میں بھی آئیں گی۔ کیا کچھ خاص کام ہے؟""",,,,,,
120,کزن,کزن,Low,آپ کا کزن بغیر پوچھے ذمہ داری آپ پر ڈال دیتا ہے۔,یہ کام تو تم ہی کرو گے۔,کر دیتا ہوں، لیکن پہلے پوچھ تو لیا کرو۔,,,,,,,"""جی، میں اس کام کو خود مکمل کر لوں گا، اگر ضرورت پڑی تو ضرور آپ سے مدد لے لو�",,,,,,,"""بیٹا، میں اس کام کر دیں گا۔ آپ کی ذمہ داری سے بچنا چا",,,,,,,"""چلو، یہ بات تو سمجھ آئی کہ آپ نے مجھے ذمہ داری ڈالی ہ�",,,,,,,"""یار، یہ کام تو ہم سب کو مل کر کرنا چاہیے، میں اکیلا نہیں کر سکتا۔""",,,,,,
121,سینئر,جونیئر,High,دفتر میں آپ کے سینئر آپ کے کام کے طریقے پر تنقید کرتے ہیں۔,میرا خیال ہے تم نے طریقہ درست نہیں اپنایا۔,جی سر، آپ کی بات درست ہو سکتی ہے، لیکن اُس وقت حالات کے مطابق مجھے یہی بہتر لگا تھا پھر بھی میں اسے دوبارہ دیکھ لیتا ہوں۔,,,,,,,"""سر، میں نے اپنے طریقے کو بہترین سمجھا ہے، مگر اگر آپ سوچتے",,,,,,,"""سر، میرے طریقے کیمیاں کچھ ہیں۔ آپ کی تنقید کو ملاحظہ کرک",,,,,,,"""آپ کی رائے کا شکریہ، میں اپنی غلطیوں سے سیکھنے کی کوشش کروں گا۔""",,,,,,,"""جی، آپ کی تنقید کا شکریہ۔ میں آپ کی رائے کے مطابق یہ طریقہ اپنانے",,,,,,
122,استاد,طالب علم,Medium,استاد آپ کے جواب کا جائزہ لیتے ہوئے بہتری کی گنجائش کی نشاندہی کرتے ہیں۔,یہ جواب مزید بہتر ہو سکتا تھا۔,جی سر، میں دوبارہ اس پر کام کر لیتا ہوں۔,,,,,,,"""جی استاد، میں بہتر جواب دینے کی کوشش کروں گا۔""",,,,,,,"""استاد جان، میں کافی کوشش کر رہا تھا، اگر معاملہ میں کچھ تبدیل",,,,,,,"""جی، سر، آپ کی نشاندہی کا شکریہ۔ میں اپنی کوشش کرتا ہوں کہ",,,,,,,"""سر، آپ کی رہنمائی کا شکریہ۔ میں اس پر مزید کام کروں گا تاکہ اسے بہتر بنا سکوں۔""",,,,,,
123,والد,بیٹا,High,آپ کے والد آپ کے کام میں موجود ایک غلطی کی نشاندہی کر رہے ہیں۔,تم نے یہ کام ٹھیک نہیں کیا۔,جی ابو مجھ سے کوئی غلطی ہو گئی ہو گی، میں دوبارہ دیکھ لیتا ہوں۔,,,,,,,"""جی ابو، آپ کی بات بالکل درست ہے۔ میں اس غلطی کو درست کر لیتا ہوں۔""",,,,,,,"""جی، آپ کی نشاندہی کا شکریہ۔ میں اس غلطی کو دور کرنے کے لیے فوری طور",,,,,,,"""آپ کی نشاندہی کا شکریہ، مگر میں ایک دوسرا کام کر رہا ہ",,,,,,,"""والد جان، سچی بات میں نے یہ کام ٹھیک نہیں کیا، مگر ابھی درست کر لو�",,,,,,
124,دوست,دوست,Low,آپ اور آپ کا دوست ایک مسئلے کے حل پر گفتگو کر رہے ہیں اور وہ آپ کے تجویز کردہ خیال سے متفق نہیں۔,مجھے نہیں لگتا یہ آئیڈیا کام کرے گا۔,یار، ہو سکتا ہے تم ٹھیک کہہ رہے ہو، لیکن مجھے لگتا ہے ایک موقع تو دینا چاہیے۔,,,,,,,"""آپ کی تجویز کو بھی ملاحظہ کرتے ہوئے میں نہیں تأیید کرتا",,,,,,,"""جی، میں سمجھتا ہوں، مگر ہمیں مزید سوچنا ہوگا۔ شاید",,,,,,,"""جی، یہاں تک کہ میں سمجھ نہیں پاتا کہ آپ کے خیال میں",,,,,,,"""ٹھیک ہے، آپ کی رائے کا احترام کرتا ہوں۔ ہم کوئی اور حل تلاش کرتے ہیں۔""",,,,,,
125,دوست,دوست,Low,آپ کا دوست آپ کے رویے پر تنقید کرتے ہوئے اسے بار بار دہرائی جانے والی غلطی قرار دیتا ہے۔,تم ہمیشہ یہی غلطی کرتے ہو۔,یار، ہر بار ایسا نہیں ہوتا، اس دفعہ ذرا صورتحال کچھ اور تھی۔,,,,,,,"""میں سمجھتا ہوں کہ مجھے اپنی غلطیوں پر غور کرنا چاہیے، شکریہ کہ تم نے مجھے یاد دلایا۔""",,,,,,,"""جی، میں سمجھ گیا کہ یہ میرا رواج ہے، لیکن مجھے بتایا کرو ک",,,,,,,"""جب کہ یہی غلطی ہے، لیکن آپ کی تنقید بہت مفید ہے۔ میں ا",,,,,,,"""میرے دوست، میں نے یہ غلطی بار بار کی ہے، مگر اب میں نے یہ سم",,,,,,
126,والدہ,بیٹی,High,آپ کی والدہ کسی معاملے میں آپ کے رویے سے مایوسی کا اظہار کر رہی ہیں۔,تم نے میری بات نہیں مانی۔,امی، آپ ٹھیک کہہ رہی ہیں، آئندہ زیادہ خیال رکھوں گی۔,,,,,,,"""والدہ جان، مجھے واقعی افسوس ہوا، مگر میں نے آپ کی بات سمجھی تھی۔",,,,,,,"""امی، مجھے افسوس ہے کہ میں نے آپ کی توقعات پر پورا نہیں اترا۔ میں کوشش کروں گا کہ آئندہ بہتر رہوں۔""",,,,,,,"""امی، مجھے کہیں سمجھ میں نہیں آیا کہ آپ کے کیا کہنا ت",,,,,,,"""والدین جان، میں آپ کی بہت شکریہ کرتا ہوں لیکن میری بات می",,,,,,
127,سینئر,جونیئر,High,آپ کے سینئر آپ کی تیار کردہ رپورٹ کا جائزہ لیتے ہوئے کچھ مسائل کی نشاندہی کرتے ہیں۔,اس رپورٹ میں کچھ خامیاں ہیں۔,جی سر، میں دوبارہ جائزہ لے کر انہیں درست کر دیتا ہوں۔,,,,,,,"""آپ کی نشاندہی کا شکریہ۔ میں آپ کی تجاویز کے مطابق ان حصوں پر دوبارہ",,,,,,,"""آپ کی نشاندہی کا شکریہ، میں ان خامیوں کو جلد درست کر دوں گا۔""",,,,,,,"""آپ کی نشاندہی کا شکریہ، میں آپ کی تجاویز کے مطابق ان مسائل",,,,,,,"""جی، آپ کی نشاندہی کا شکریہ۔ میں آپ کی تجاویز کے مطابق ان خامیوں پر کام ک",,,,,,
128,کزن,کزن,Low,ایک دوستانہ گفتگو میں آپ کا کزن آپ کے لہجے پر تبصرہ کرتا ہے۔,تم کچھ زیادہ سخت ہو رہے ہو۔,یار، میرا مقصد سخت ہونا نہیں تھا، بس اپنی رائے دے رہا تھا۔,,,,,,,"""جی یار، مگر زندگی میں کبھی کبھی سخت فیصلے کرنا پڑتے ہیں، بس",,,,,,,"""بس یار، کبھی کبھی ایسا ہو جاتا ہے۔""",,,,,,,"""آپ کی نشاندہی کا شکریہ، لیکن میں کچھ کم کرکے کام کری",,,,,,,"""جی یار، مجھے تو صرف باتوں کا سچا رخ دکھایا کرتا ہے، کسی کو کوئ",,,,,,
129,استاد,طالب علم,Medium,استاد آپ کی کارکردگی پر سخت ناراضی کا اظہار کرتے ہیں۔,میں اس معیار کے کام کی توقع نہیں کر رہا تھا۔,معذرت سر، میں دوبارہ محنت کر کے اسے بہتر کر لیتا ہوں۔,,,,,,,"""استاد جان، میں آپ کی ترجیحات کو بھی ملاحظہ کر رہا ہوں، لیکن",,,,,,,"""سر، میں اپنی غلطیوں سے سیکھنے کی کوشش کروں گا اور آئندہ بہتر کارکردگی دکھانے کی پوری کوشش کروں گا۔""",,,,,,,"""سر، مجھے آپ کی توقع سے زیادہ کوشش کرنے کی کوشش کرتے ہوئے ب�",,,,,,,"""استاد صاحب، مجھے افسوس ہے کہ میں آپ کی توقعات پر پورا نہ اتری۔ میں",,,,,,
130,دوست,دوست,Low,کسی مسئلے کے بعد آپ کا دوست ساری ذمہ داری آپ پر ڈال رہا ہے۔,یہ سب تمہاری وجہ سے ہوا ہے۔,یار، میں مانتا ہوں مجھ سے بھی غلطی ہوئی ہوگی، لیکن سارا قصور مجھ پر نہیں ڈالا جا سکتا۔,,,,,,,"""نہیں یار، یہ سب کچھ ہماری مشترکہ کوششوں کا نتیجہ ہ",,,,,,,"""یار، یہ تو صحیح نہیں ہے۔ ہم سب نے مل کر کام کیا ہے، اس میں صرف میری ذمہ داری نہیں ہے۔""",,,,,,,"""جبکہ میں بھی مسئلے کا مشارکت کر رہا تھا، لیکن تم نے میری جانب",,,,,,,"""دوست، سچی بات یہ ہے کہ میں نے اپنے فیصلے سے یہ سب ک",,,,,,
131,والد,بیٹا,High,آپ کے والد کسی ایسے کام پر ناراضی کا اظہار کر رہے ہیں جس سے انہوں نے پہلے منع کیا تھا۔,میں نے منع کیا تھا، پھر بھی تم نے یہ کام کیا۔,جی ابو، مجھ سے غلطی ہو گئی، آئندہ ایسا نہیں ہوگا۔,,,,,,,"""بابا، مجھے آپ کی نصیحت یاد تھی، لیکن مجھے پتہ نہ تھا کہ یہ",,,,,,,"""والد صاحب، مجھے افسوس ہے، مگر میں نے سوچا کہ یہ کام بہترین",,,,,,,"""ابا، مجھے معاف کر دیں، میں نے سوچا تھا کہ یہ ٹھیک ہے، آئندہ دھیان رکھوں گا۔""",,,,,,,"""والد جان، میں نے اس کام کیا ہے لیکن آپ کی ناراضی کے بارے می",,,,,,
132,ساتھی,ساتھی,Medium,ایک میٹنگ کے دوران آپ کا ساتھی مجوزہ فیصلے پر اعتراض اٹھاتا ہے۔,میں اس فیصلے سے متفق نہیں ہوں۔,آپ کی بات سمجھ رہا ہوں، آئیے وجوہات پر بات کر لیتے ہیں تاکہ بہتر فیصلہ ہو سکے۔,,,,,,,"""جی، بات سمجھی۔ کیا ہوا جس پر آپ اختلاف کر رہے ہیں وہ کیا �",,,,,,,"""آپ کی نظر کا شکریہ۔ میں بھی اس کے بارے میں کچھ ملاحظے کر ر",,,,,,,"""آپ کی رائے کا شکریہ۔ ہماری کمیٹی نے اس فیصلے پر احتیاط سے غور",,,,,,,"""آپ کا نقطہ نظر سمجھتا ہوں، لیکن کیا ہم اس پر مزید بات کر سکتے ہیں تاکہ بہتر حل تلاش کر سکیں؟""",,,,,,
133,تایا,بھتیجا,High,ایک تنازعے کے بعد آپ کے تایا آپ کو صبر اور تحمل کا مشورہ دیتے ہیں۔,بیٹا، تمہیں زیادہ تحمل سے کام لینا چاہیے تھا۔,جی تایا جان، آپ کی بات سمجھ گیا ہوں آئندہ دھیان رکھوں گا۔,,,,,,,"""جی تایا، آپ بالکل درست فرما رہے ہیں۔ میں کوشش کروں گا کہ آئندہ صبر سے کام لوں۔""",,,,,,,"""جی، آپ کی بات بہت درست ہے، چاہے مجھے کچھ دیر لگے، لیکن اب",,,,,,,"""جی، میں اس کے لیے شکریہ۔ آپ کی مشورہ کا اہمیت کو میں ج",,,,,,,"""جی، آپ کی نصیحت درست ہے۔ مستقبل میں میں اپنی زبان پر زیادہ احتیاط برتاؤ کرنا",,,,,,
134,دوست,دوست,Low,دوستوں کی غیر رسمی گفتگو میں آپ کا دوست مذاقاً آپ کے کام پر تنقید کرتا ہے۔,یار، یہ تو بہت ہی خراب تھا۔,چلو، اگلی بار تمہیں شکایت کا موقع نہیں دوں گا۔,,,,,,,"""جبکہ میں اس کو میلنے کی کوشش کر رہا تھا، لیکن یہ حقیقت",,,,,,,"""یار، تم تو کیا کہہ رہے ہو؟""",,,,,,,"""ہاہاہا، تم تو ہمیشہ ہی مذاق کرتے ہو، لیکن میں جانتا ہوں کہ تمہیں میری محنت پسند ہے!""",,,,,,,"""جی، یہ تو بہت ہی خراب تھا۔""",,,,,,
135,سینئر,جونیئر,High,ایک میٹنگ کے دوران آپ سے ایسی غلطی ہو جاتی ہے جس کی نشاندہی آپ کے سینئر سب کے سامنے کرتے ہیں۔,یہ غلطی سب کے سامنے نہیں ہونی چاہیے تھی۔,جی سر، غلطی ہو گئی، آئندہ زیادہ احتیاط کروں گا۔,,,,,,,"""جی، آپ کی نشاندہی کا شکریہ۔ میں اس غلطی کے لیے اپنی ذمہ داری قب",,,,,,,"""آپ کی بہت مہربانی، مگر میں نے یہ غلطی کسی کو بتانے کے بجائ�",,,,,,,"""جب کہ میں بھی بہت مضبوط ہوتا ہوں، لیکن آپ کی جانب سے مہربان",,,,,,,"""سر، میں معذرت خواہ ہوں، یہ میری غلطی ہے اور میں اس سے سبق سیکھوں گا۔""",,,,,,
136,دوست,دوست,Low,آپ کا دوست خوشی کے موقع پر آپ کو شرکت کی دعوت دیتا ہے۔,کل میری سالگرہ ہے، ضرور آنا۔,یار، ضرور آؤں گا، تمہاری سالگرہ کیسےبھول سکتا ہوں ۔,,,,,,,"""ارے یار، تم آ گئے، میرے لیے یہی یہی کافی تھا۔""",,,,,,,"""بہت مبارک ہو! ان شاء اللہ میں ضرور آؤں گا۔""",,,,,,,"""شکریہ یار، میں کل آئیں گی۔""",,,,,,,"""ارے یار، تمہیں مبارک ہو، مجھے بھی ضرور آنا ہوگا۔""",,,,,,
137,دوست,دوست,Low,آپ کا دوست غیر رسمی انداز میں آپ کو رات کی ایک پارٹی میں مدعو کر رہا ہے۔,آج رات پارٹی ہے، آنا ہے؟,یار، ابھی پکا نہیں کہہ سکتا، لیکن کوشش کروں گا۔,,,,,,,"""آئیں گے، بھائی۔ میں آج کی پارٹی کے لیے آؤں گا۔""",,,,,,,"""جی، میں ضرور آؤں گا، بس آپ کی دعوت کا شکریہ۔""",,,,,,,"""یار، آج رات تو کچھ اور مصروفیت ہے، لیکن اگلی بار ضرور آؤں گا!""",,,,,,,"""جی، یقیناً آنا ہوں گا۔ کیا کیا کر رہے ہو?""",,,,,,
138,چچا,بھتیجا,High,خاندان میں شادی کی تقریب ہے اور آپ کے چچا آپ کو خاص طور پر مدعو کر رہے ہیں۔,بیٹا، شادی میں ضرور آنا، تمہارے بغیر محفل ادھوری لگے گی۔,جی چچا جان، ان شاء اللہ ضرور آؤں گا۔,,,,,,,"""چچا جان، آپ کی بہت مہربانی، مگر آپ کو مطمئن کریں، میں ض",,,,,,,"""جی چچا جان، میں ضرور آؤں گا۔ آپ کی دعوت کا بہت شکریہ۔""",,,,,,,"""چچا جان، آپ کی محبت کا شکریہ، ان شاء اللہ میں ضرور آؤں گا۔""",,,,,,,"""جی چچا جان، آپ کی دعوت پر ضرور آنا، مگر ابھی کچھ کام باقی ہیں، آپ کا بھ",,,,,,
139,خالہ,بھانجی,High,آپ کی خالہ خاندان کی ایک مہندی کی تقریب میں آپ کو محبت سے مدعو کر رہی ہیں۔,بیٹا، کل مہندی کی تقریب ہے، ضرور آنا۔,جی خالہ جان، ان شاء اللہ ضرور آؤں گی۔,,,,,,,"""جی، خالہ جان، ضرور آں گوں۔""",,,,,,,"""خالہ، بہت شکریہ! ان شاء اللہ میں ضرور آؤں گی۔""",,,,,,,"""جی خالہ جان، مجھے بہت خوشی ہوگی، ضرور آنا۔""",,,,,,,"""خالہ جان، آپ کی بہت مہربانی، مگر مجھے افسوس ہے، میں کل و�",,,,,,
140,پڑوسی,پڑوسی,Medium,آپ کے پڑوسی آپ کو ایک تقریب میں مدعو کر رہے ہیں۔,ہم نے کل ایک تقریب رکھی ہے، آپ ضرور تشریف لائیے گا۔,بہت شکریہ، ان شاء اللہ کوشش کروں گا کہ شریک ہو سکوں۔,,,,,,,"""شکریہ! میں کوشش کروں گا کہ وقت نکال سکوں۔""",,,,,,,"""جی، میں ضرور آں گا۔ ممنون۔""",,,,,,,"""جی، آپ کی دعوت کا شکریہ۔ میں ضرور آؤں گا، آپ کی دعوت کا انتظار کر رہا",,,,,,,"""جی، میں ضرور آؤں گا۔""",,,,,,
141,استاد,طالب علم,Medium,استاد طالب علم کو ایک تعلیمی تقریب میں شرکت کی دعوت دے رہے ہیں۔,کل تقریب ہے، آپ ضرور آئیے گا۔,بہت شکریہ سر، ان شاء اللہ شرکت کرنے کی کوشش کروں گا۔,,,,,,,"""جی سر، کل ضرور آئیں گا، آپ کی دعوت کا شکریہ۔""",,,,,,,"""جی استاد، کل ضرور آؤں گا۔""",,,,,,,"""جی، مرسلاً آئیں گے۔ شکریہ کل تقریب کی۔""",,,,,,,"""جی سر، میں کوشش کروں گا کہ ضرور آؤں۔""",,,,,,
142,کزن,کزن,Low,آپ کا کزن ایک تقریب میں جانے کا پروگرام بنا رہا ہے اور چاہتا ہے کہ آپ بھی اس کے ساتھ چلیں۔,یار، کل ایک فنکشن ہے، تم بھی ساتھ چلو۔,ہاں یار، اگر کوئی ضروری کام نہ نکلا تو میں ضرور چلوں گا۔,,,,,,,"""جی، میں بھی چلوں گا، بس ابھی کچھ دیر انتظار کرنا ہوگا۔""",,,,,,,"""بہت شکریہ! مگر مجھے کل کچھ اور مصروفیات ہیں، اس لیے نہیں جا سکوں گا۔""",,,,,,,"""بہت مبارک ہو، میں بھی ساتھ چلیں گی۔""",,,,,,,"""جی، یقیناً چلوں گا، تمہیں ضرور کوشش کرو گا کہ میں کھان�",,,,,,
143,دوست,دوست,Low,آپ کا دوست آپ کی شرکت کے لیے اصرار کر رہا ہے۔,یار، نہ آئے تو ناراض ہو جاؤں گا۔,یار، اب اتنا کہہ رہے ہو تو کوشش کروں گا ضرور آؤں۔,,,,,,,"""بھائی، میں آ آیا گا، لیکن آج کے کام کے دوران میں آئیں گ",,,,,,,"""نہیں یار، تم ناراض نہ ہونا، میں ضرور آؤں گا!""",,,,,,,"""یار، تمہیں یقین ہو کہ میں ضرور آجاؤں گا۔ بس ابھی ک",,,,,,,"""بہت خوب، یار!"" (Answer in English)",,,,,,
144,سسر,داماد,High,آپ کے سسر ایک خاندانی دعوت میں شرکت کی درخواست کر رہے ہیں۔,بیٹا، کل گھر پر دعوت ہے، آپ نے ضرور آنا ہے۔,جی ابا جی، ان شاء اللہ ضرور حاضر ہوں گا۔,,,,,,,"""جی، والدہ جی، آپ کی دعوت پر ضرور آؤں گا۔""",,,,,,,"""جی ابو، ان شاء اللہ میں ضرور آؤں گا۔""",,,,,,,"""جی، میں آ آں گوں۔ بہت مبارک ہوں۔""",,,,,,,"""جی، سر، میں ضرور آؤں گا۔""",,,,,,
145,ساس,بہو,High,آپ کی ساس آپ کو ایک خاندانی تقریب میں شرکت کی دعوت دے رہی ہیں۔,بیٹا، کل گھر میں تقریب ہے، تمہیں ضرور آنا ہے۔,جی امی جان، ان شاء اللہ ضرور آؤں گی۔,,,,,,,"""جی ساس، میں کوشش کروں گی کہ ضرور آ سکوں۔""",,,,,,,"""جی اماں، کل ضرور آؤں گا۔""",,,,,,,"""جی، امی، میں ضرور آؤں گا۔ آپ کی دعوت کا شکریہ!""",,,,,,,"""جی، میں آئیں گے، کل مہربانی ہو گئی ہے۔""",,,,,,
146,دوست,دوست,Low,آپ کا دوست تقریب میں شرکت کے لیے اصرار کر رہا ہے اور آپ سے پکی حامی چاہتا ہے۔,بس آ جانا، کوئی بہانہ نہیں چلے گا۔,یار، اگر کوئی ضروری کام نہ ہوا تو ضرور آؤں گا۔,,,,,,,"""یار، تمہیں یقیناً جانا ہوگا، بس کچھ دیر پھر آجاؤں گ",,,,,,,"""دوست، بس تمہاری بہت مہربانی، مگر میں نے پہلے ہی دوسری",,,,,,,"""یار، میں کوشش کروں گا، مگر کچھ مصروفیات ہیں، ان شاء اللہ اگر ہو سکا تو ضرور آؤں گا۔""",,,,,,,"""جی، آ جاؤں گوں، کوئی بہانہ نہیں چلے گا۔""",,,,,,
147,بزرگ رشتہ دار,نوجوان,High,ایک بزرگ رشتہ دار عید کی خاندانی ملاقات میں آپ کو شرکت کی دعوت دے رہے ہیں۔,بیٹا، عید پر سب اکٹھے ہوں گے، تم بھی ضرور آنا۔,جی، ان شاء اللہ ضرور آؤں گا۔,,,,,,,"""جی چچا، ان شاء اللہ میں ضرور آؤں گا۔ عید کی ملاقات کا انتظار رہے گا!""",,,,,,,"""جی، میں ضرور آں گوں۔ عید کی خوشی میں آپ کے ساتھ ہونے کی",,,,,,,"""جی، امی، میں ضرور آؤں گا، اللہ تعالیٰ تم سب کو عید کی مبارکباد فرماے۔",,,,,,,"""جی، میں ضرور آؤں گا۔ عید کی خوشی میں سب اکٹھے ہونا ہماری روای",,,,,,
148,ساتھی,ساتھی,Medium,آپ کا ایک ساتھی دفتر کی تقریب میں شرکت کی دعوت دے رہا ہے۔,آفس میں ایک فنکشن رکھا ہے، آپ بھی ضرور آئیے گا۔,شکریہ، اگر مصروفیت نہ ہوئی تو ضرور شرکت کروں گا۔,,,,,,,"""جی، میں ضرور آئی گی۔ آفس کی خوشی میں میں آپ کے ساتھ ہو",,,,,,,"""شکریہ! میں کوشش کروں گا کہ وقت نکال سکوں۔""",,,,,,,"""جی، میں ضرور آؤں گا۔""",,,,,,,"""جی، بہت ضرور، آپ کی دعوت کا شکریہ۔ مگر مجھے پہلے یہ معلوم کر",,,,,,
149,دوست,دوست,Low,آپ کا دوست مزاحیہ انداز میں تقریب میں آپ کی شرکت پر زور دے رہا ہے۔,یار، آج ڈھولکی ہے، آنا لازمی ہے، کوئی بہانہ نہیں۔,چلو ٹھیک ہے یار، آج کوئی بہانہ نہیں بناؤں گا۔,,,,,,,"""بہت خوب، یار، بس ابھی کچھ دیر ہو گئی تھی، بس ابھی آ جاؤں",,,,,,,"""یار، میں کوشش کروں گا، لیکن اگر نہ آ سکا تو تم مجھے معاف کرنا۔""",,,,,,,"""یار، تمہیں بھی کچھ کام ہیں، میں بھی آج ضرور آنا چاہ",,,,,,,"""بھائی، میں آ آں گا، کوئی بہانہ نہیں۔ مزاحیہ میں شرک",,,,,,
150,سینئر,جونیئر,High,آپ کے سینئر ایک دفتری تقریب میں شرکت پر زور دے رہے ہیں۔,کل کی تقریب میں آپ کی موجودگی ضروری ہے۔,جی سر، میں شرکت کرنے کی کوشش کروں گا۔,,,,,,,"""جی، میں کل کی تقریب میں آں گا۔ آپ کی مہربانی میں شکری",,,,,,,"""جی، کل ضرور حاضر ہوں گا۔ آپ کی سفارش پر میں ضرور موجود رہوں گا۔""",,,,,,,"""سر، میں کوشش کروں گا کہ وقت نکال سکوں، مگر کچھ ذاتی مصروفیات ہیں۔""",,,,,,,"""جی سر، کل ضرور حاضر ہوں گا۔""",,,,,,
151,طالب علم,استاد,High,کلاس کے دوران آپ اپنے استاد سے وضاحت حاصل کرنا چاہتے ہیں۔,سر، اگر اجازت ہو تو ایک سوال پوچھنا چاہتا ہوں۔,جی، ضرور پوچھیں، میں سننے کے لیے حاضر ہوں۔,,,,,,,"""جی سر، آپ براہ کرم سوال پوچھیں۔""",,,,,,,"""جی، پوچھنے کے لیے آزاد ہوں۔""",,,,,,,"""جی، پوچھیے، مجھے بتائیے کہ کیا ہوا۔""",,,,,,,"""جی، پوچھیں گے۔ میں آپ کی کمپیوٹر کے بارے میں وضاحت ک",,,,,,
152,بیٹا,والد,High,آپ اپنے والد سے دوستوں کے ساتھ کچھ وقت گزارنے کے لیے باہر جانے کی اجازت مانگ رہے ہیں۔,ابو، کیا میں دوستوں کے ساتھ باہر جا سکتا ہوں؟,ہاں، جا سکتے ہو، مگر وقت کا خیال رکھنا۔,,,,,,,"""جی، میں آپ کی اجازت دیتا ہوں، لیکن آپ کی صحت کے بارے میں",,,,,,,"""جی بیٹا، صرف کچھ وقت کے لیے، پھر واپس آ جاؤ۔""",,,,,,,"""جی ابو، اگر آپ کی اجازت ہو تو میں ضرور جا سکتا ہوں۔""",,,,,,,"""جی، ابھی جانا ہو سکتی ہے، لیکن کچھ دیر بعد واپس آئیے۔""",,,,,,
153,بیٹی,والدہ,High,آپ اپنی دوست سے ملنے جانا چاہتی ہیں اور والدہ سے اجازت مانگ رہی ہیں۔,امی، کیا میں اپنی دوست کے گھر جا سکتی ہوں؟,ہاں، مگر زیادہ دیر مت کرنا اور پہنچ کر مجھے بتا دینا۔۔,,,,,,,"""امی، آپ کی اجازت مانگنے کی جارہی ہیں۔ کہا جاے گا۔""",,,,,,,"""جی بیٹا، مگر جلدی واپس آنا۔""",,,,,,,"""جی بیٹی، بس تمہاری دوست کے گھر جا کر واپس آ جاؤ۔""",,,,,,,"""جی بیٹی، آج کے لیے ضرور جا سکتی ہو، لیکن کچھ دیر کے لیے اور ف",,,,,,
154,ملازم,افسر,Medium,آپ کو ذاتی کام کی وجہ سے دفتر سے معمول سے پہلے نکلنے کی ضرورت ہے، اس لیے آپ اپنے افسر سے اجازت مانگ رہے ہیں۔,سر، ایک ضروری کام ہے، کیا میں آج تھوڑا جلدی جا سکتا ہوں؟,ٹھیک ہے، لیکن ضروری کام نمٹا کر جائیے گا۔,,,,,,,"""جی، اگر ممکنہ ہے تو آپ جا سکتے ہیں۔ آئندہ کوشش کیजی",,,,,,,"""جی، اگر ضروری ہے تو جا سکتے ہیں۔ لیکن کوشش کریں کہ آگے",,,,,,,"""جی سر، اگر ممکن ہو تو میں جلدی نکل جاؤں گا۔""",,,,,,,"""جی، اگر ضرورت ہو تو آپ جلدی جا سکتے ہیں۔ صرف یاد رکھیے کہ آئ",,,,,,
155,دوست,دوست,Low,آپ اپنے دوست سے مختصر وقت کے لیے اس کی بائیک مانگ رہے ہیں۔,یار، ذرا اپنی بائیک دے دو، ایک کام سے جانا ہے۔,ہاں یار، لے جاؤ، کوئی مسئلہ نہیں۔,,,,,,,"""یار، مجھے معاف کرنا، مگر میں آج بائیک نہیں دے سکتا۔""",,,,,,,"""بہت معاف، یار، بس ابھی آپ کی بائیک مانگ رہے تھے۔""",,,,,,,"""جی یار، بائیک دے دو، میں بھی جلد آ جاؤں گا۔""",,,,,,,"""بہت مبارک ہو، یار۔ ذرا اپنی بائیک دے دیں گے۔""",,,,,,
156,دوست,دوست,Low,آپ ایک ذاتی نوعیت کی بات چھیڑنے سے پہلے اپنے دوست کی رضامندی جانچ رہے ہیں۔,یار، ایک بات پوچھوں، برا تو نہیں نہ مانو گے؟,ارے نہیں یار، پوچھو جو پوچھنا چاہتے ہو۔,,,,,,,"""نہیں یار، پوچھو، میں سننے کے لیے تیار ہوں۔""",,,,,,,"""جی، بس ایک سوال پوچھنا تھا، بس اتنا۔""",,,,,,,"""جی، بتاؤ، میں سنتا ہوں۔""",,,,,,,"""جی، برا ہوں گے۔ پوچھو، کیا میں کسی مسئلے میں کچھ نہ",,,,,,
157,طالب علم,استاد,High,کلاس کے بعد آپ استاد سے فائل جمع کرانے کی اجازت طلب کر رہے ہیں۔,سر، اگر اجازت ہو تو میں اپنی فائل ابھی جمع کرا دوں؟,جی، اگر آپ کام مکمل کر چکے ہیں تو ابھی فائل جمع کرا سکتے ہیں۔,,,,,,,"""جی، آپ جمع کر سکتے ہیں۔""",,,,,,,"""جی، اگر معاملہ واقعی ضروری ہے تو آپ جا سکتے ہیں۔ آئندہ کوشش کی",,,,,,,"""جی، آپ کی اجازت کے بعد فайл جمع کریں۔ آئندہ کوشش کیजیے کہ اس ک",,,,,,,"""جی، اگر ضروری ہے تو جا سکتے ہیں۔ کوشش کیجیے کہ ایسے کام",,,,,,
158,داماد,سسر,High,آپ اپنے سسر سے بات کرنے کی اجازت طلب کر رہے ہیں۔,ابا جی، اگر آپ مصروف نہ ہوں تو آپ سے ایک بات کرنی تھی۔,جی بیٹا، کہو میں سن رہا ہوں۔,,,,,,,"""جی بیٹا، کیا ہوا؟""",,,,,,,"""جی بیٹا، بس ابا جی سے ایک بات کرنی تھی۔""",,,,,,,"""جی بیٹا، میں سن رہا ہوں، آپ بتائیں۔""",,,,,,,"""جبتے ہوئے آپ کو بات کرنا چاہतی ہوں، اب آپ کی اجازت کی",,,,,,
159,بہو,ساس,High,گھریلو کام مکمل کرنے کے بعد آپ اپنی ساس سے آرام کرنے کی اجازت مانگ رہی ہیں۔,امی جان، اگر آپ کو کوئی اور کام نہیں تو میں تھوڑی دیر آرام کر لوں؟,ہاں بیٹا، ضرور، تم نے کافی کام کر لیا ہے اب کوئی کام نہیں، تم جا سکتی ہو۔,,,,,,,"""جی، بہت محسوس ہوں۔ تھوڑی دیر آرام کرنا چاہتا ہوں۔""",,,,,,,"""جی امی، میں تھوڑی دیر آرام کر لوں گی، آپ فکر نہ کریں۔""",,,,,,,"""جی امی، آپ کو کوئی اور کام نہیں تو میں آرام کر سکتی ہوں۔""",,,,,,,"""جی بیٹا، تم آرام کرو۔""",,,,,,
160,جونیئر,سینئر,Medium,آپ دفتر میں ایک ضروری کام کے سلسلے میں سینئر سے ہدایت حاصل کرنا چاہتے ہیں۔,سر، کیا میں یہ فائل لے آؤں؟,فی الحال نہیں، میں آپ کو بتا دوں گا کب لانی ہے۔,,,,,,,"""جی، یہ فائل لے آؤں اور اسے میرے پاس رکھیں۔""",,,,,,,"""جی، آپ لے آئیں، مجھے اس کی ضرورت ہے۔""",,,,,,,"""جی، مونیں آپ کی ہدایتوں سے فائدہ بولیں۔""",,,,,,,"""جی، یہاں ہے، میں اس پر کام کر رہا ہوں۔""",,,,,,
161,دوست,دوست,Low,آپ کا دوست اجازت لینے کے بجائے تقریباً فیصلہ سنا رہا ہے اور صرف رسمی منظوری مانگ رہا ہے۔,یار، میں تمہارا فون لے رہا ہوں، ٹھیک ہے؟,ٹھیک ہے یار، لیکن جلد واپس کر دینا۔,,,,,,,"""جی، ٹھیک ہوں۔ بس مجھے یہی بتا دو کہ کیا کرنا ہے�",,,,,,,"""یار، میں نے تمہیں پہلے ہی بتایا تھا کہ مجھے اس کی ضرورت نہیں ہے۔""",,,,,,,"""جی، میں ٹھیک ہوں۔ بس آپ نے مجھے یہ بتایا، اب میں اپن",,,,,,,"""جی، میں تقریباً فیصلہ سنا رہا ہوں۔ ٹھیک ہے، میں اجاز",,,,,,
162,بیٹا,والد,High,آپ پہلے بھی باہر جانے کی اجازت مانگ چکے ہیں اور والد کے انکار کے باوجود دوبارہ اصرار کر رہے ہیں۔,ابو، پلیز، ایک بار جانے دیں۔,اچھا، اگر اتنا ضروری ہے تو چلے جاؤ، لیکن جلد واپس آ جانا۔,,,,,,,"""ابو، مجھے کچھ کام ہیں، آپ کی اجازت کے بغیر نہیں جا سکتا،",,,,,,,"""بیٹا، تمہارے اصرار کے باوجود میں نہیں مانوں گا۔ تمہاری",,,,,,,"""بیٹا، میں نے پہلے ہی کہا ہے کہ ابھی نہیں جا سکتے۔""",,,,,,,"""ابو، میں بہت بڑا ہوں، اور اپنے کام کے لیے زیادہ وقت بیرون ن",,,,,,
163,طالب علم,استاد,High,کلاس کے دوران آپ استاد سے وقت سے پہلے رخصت ہونے کی اجازت طلب کر رہے ہیں۔,سر، مجھے ایک ضروری کام ہے، کیا میں آج تھوڑا پہلے جا سکتا ہوں؟,لیکچر ختم ہونے میں زیادہ وقت نہیں، بہتر ہے انتظار کر لو۔,,,,,,,"""جی، اگر ضروری ہو تو آپ جا سکتے ہیں، مگر آئندہ کوشش کریں کہ",,,,,,,"""جی، اگر یہ واقعی ضروری ہے تو آپ جا سکتے ہیں۔""",,,,,,,"""جی، اگر معاملہ واقعی ضروری ہے تو آپ جا سکتے ہیں۔ آئندہ ک",,,,,,,"""جی، اگر ضروری ہے تو جا سکتے ہیں، لیکن کوشش کیجیے کہ ایسے",,,,,,
164,کزن,کزن,Low,آپ اپنے کزن سے ساتھ جانے کی اجازت دوستانہ انداز میں مانگ رہے ہیں۔,یار، اگر مسئلہ نہ ہو تو میں بھی ساتھ چلوں؟,ارے، کوئی مسئلہ نہیں، چلو ساتھ چلتے ہیں۔,,,,,,,"""بالکل، تمہیں ساتھ لے جانے میں کوئی مسئلہ نہیں، چلو چلتے ہیں!""",,,,,,,"""بہت ممتن ہوں، اگر مسئلہ نہ ہو تو میں بھی ساتھ چلیں گ",,,,,,,"""جی، میں بھی چلوں گا۔""",,,,,,,"""جی، یار، تم ضرور ساتھ چلو، بس آپ کا کیا خیال ہے؟""",,,,,,
165,نوجوان,بزرگ رشتہ دار,High,آپ گھر سے باہر جانے سے پہلے اپنے بزرگ رشتہ دار سے اجازت طلب کررہے ہیں۔,کیا میں دوستوں کے ساتھ باہر جا سکتا ہوں؟,ابھی نہیں، پہلے اپنا کام مکمل کرو، پھر جا سکتے ہو۔,,,,,,,"""جی بیٹا، بس احتیاط برتنا یاد رکھو۔""",,,,,,,"""جی، بیٹا، مگر جلدی واپس آنا۔""",,,,,,,"""جی، اجازت دی گئی ہے۔ آئے دوستوں کے ساتھ جاں۔""",,,,,,,"""جی، آپ چلو جائیں، بس اپنی حفاظت کا خیال رکھیں۔""",,,,,,
166,دوست,دوست,Low,آپ کا دوست آپ کی کامیابی پر تعریف اور حوصلہ افزائی کر رہا ہے۔,یار، تم نے کمال کام کیا ہے۔,شکریہ یار، بس تمہاری دعاؤں کا نتیجہ ہے، کوشش جاری ہے۔,,,,,,,"""شکریہ دوست، تمہاری حوصلہ افزائی میرے لیے بہت معنی رکھتی ہے!""",,,,,,,"""شکر ہوے اللہ، آپ کی تعریف کا یہ موقع میرے لیے بہت اہم ہ",,,,,,,"""شکریہ یار، تمہاری بہت مہربانی!"" (Answer in English)
""شکریہ یار، تمہاری ب",,,,,,,"""شکریہ یار، مگر تمہاری حوصلہ افزائی میرے لیے بہت اہم ہے۔",,,,,,
167,دوست,دوست,Low,آپ کا دوست ہلکے پھلکے انداز میں آپ کی تعریف کر رہا ہے۔,یار، آج تو بڑے ہی سمارٹ لگ رہے ہو۔,ارے چھوڑ یار، اتنی بھی تعریف نہ کرو۔,,,,,,,"""شکریہ یار، بس اتنا کہ تمہاری تعریف کا شکریہ۔""",,,,,,,"""شکریہ یار، تمہاری تعریف ہمیشہ خوشی دیتی ہے!""",,,,,,,"""جی، میں اپनی کامیابی سے خوشی میں ہوں۔ آپ کی تعریف کو ب",,,,,,,"""ارے یار، تمہیں کیا کہنا ہے؟ میں صرف معمولی سے کام کر رہا",,,,,,
168,استاد,طالب علم,Medium,استاد کلاس میں آپ کی کارکردگی کو سراہ رہے ہیں۔,تمہاری پریزنٹیشن بہت اچھی تھی۔,بہت شکریہ سر، ابھی بھی بہت کچھ سیکھنا باقی ہے۔,,,,,,,"""شکر ہوے، آپ کی حوصلہ افزائی میرے لیے بہت اہم ہے۔",,,,,,,"""شکریہ سر، آپ کی تعریف میرے لیے بہت معنی رکھتی ہے۔""",,,,,,,"""شکریہ استاد، آپ کی حوصلہ افزائی میرے لیے بہت اہم ہے۔""",,,,,,,"""جی، شکریہ! آپ کی حوصلہ افزائی میرے لیے بہت اہم ہے۔""",,,,,,
169,والد,بیٹا,High,والد آپ کی محنت اور ذمہ داری کی تعریف کر رہے ہیں۔,آج تم نے بہت اچھا کام کیا ہے۔,بہت شکریہ ابو، آپ کی دعاوں کا نتیجہ ہے۔,,,,,,,"""شکریہ ابو، آپ کی تعریف میرے لیے بہت معنی رکھتی ہے۔""",,,,,,,"""شکریہ والد جان، میں بھی کچھ بہت کام کر رہا ہوں۔""",,,,,,,"""والدجان، آپ کی تعریف سے میرا دل بھرپور ہوا ہے۔""",,,,,,,"""والد جان، آپ کی تعریف میرے لیے بہت اہم ہے۔""",,,,,,
170,والدہ,بیٹی,High,والدہ آپ کی کھانا پکانے کی تعریف کر رہی ہیں۔,آج تو کھانے کا ذائقہ ہی الگ تھا۔,شکریہ امی، آپ کو پسند آیا تو میری محنت وصول ہو گئی۔,,,,,,,"""شکریہ امی، آپ کی پسندیدگی میرے لیے بہت اہم ہے!""",,,,,,,"""جی امی، آپ کی بہت مہربانی، کھانا بنانے میں مجھے بہت محنت کرنی پ",,,,,,,"""والدہ جان، آپ کی بہت تعریف، مگر میں نے صرف ایک معمولی کھانا پکا کر ہی ی�",,,,,,,"""والدین، مونیخ، آج کھانے کا ذائقہ بہت م velvet ka!""",,,,,,
171,کزن,کزن,Low,کزن مذاق اور محبت بھرے انداز میں تعریف کر رہا ہے۔,آج تو بڑے اسٹائل میں لگ رہے ہو۔,ہاہا، تم بھی نا، بڑھا چڑھا کر بات کرتے ہو۔,,,,,,,"""شکریہ یار، تمہاری تعریف ہمیشہ خوشی دیتی ہے!""",,,,,,,"""جی، کیا کہا، مجھے بھی اچھا لگ رہا ہے۔""",,,,,,,"""جی، یہاں تو ہر روز بڑے اسٹائل میں لگ رہے ہیں�",,,,,,,"""جی، میں اسٹائل کر رہا ہوں۔ مذاق اور محبت سے بھری وضاحتی می",,,,,,
172,دوست,دوست,Low,آپ کا دوست آپ کی کسی کامیابی پر مبالغہ آمیز تعریف کر رہا ہے۔,یار، تم نے تو کمال کر دیا۔,پتا ہے یار، میں نے کافی محنت کی تھی۔,,,,,,,"""شکریہ یار، مگر میں کچھ کمال نہیں ہوں۔ آپ کی مہربانی م",,,,,,,"""شکریہ یار، تمہاری تعریف میرے لیے بہت اہم ہے۔""",,,,,,,"""شکریہ دوست، تمہاری تعریف کا بہت شکریہ، مگر یہ سب میری محنت کا نتیجہ ہے۔""",,,,,,,"""ارے، تمہیں بہت خوشی ہوتی ہے، مجھے بھی یقیناً خوش",,,,,,
173,سینئر,جونیئر,High,سینئر ایک دفتری رپورٹ کا جائزہ لینے کے بعد آپ کی کارکردگی کی تعریف کر رہا ہے۔,یہ رپورٹ تم نے کافی اچھی تیار کی ہے۔,شکریہ، خوشی ہے کہ رپورٹ آپ کی توقعات پر پوری اتری۔,,,,,,,"""آپ کی تعریف کا شکریہ۔ میری کوششوں کے لیے آپ کا بہت شکریہ۔""",,,,,,,"""بہت شکریہ سر! آپ کی رہنمائی نے مجھے بہت مدد کی ہے۔""",,,,,,,"""جی، میں کافی جدیت سے کام کرta ہوں۔ آپ کی تعریف کی شکری",,,,,,,"""جناب، آپ کی تعریف سے مجھے بہت فخر ہوا، مگر رپورٹ میں بہتر �",,,,,,
174,بزرگ رشتہ دار,نوجوان,High,ایک خاندانی گفتگو میں بزرگ رشتہ دار نوجوان کی تعریف کر رہا ہے۔,تم تو کافی سمجھدار ہو گئے ہو۔,بہت شکریہ، لیکن ابھی مجھ سے بھی غلطیاں ہو جاتی ہیں۔,,,,,,,"""الحمدللہ، میں اپनے خاندان کے لیے بہت زیادہ کام کر رہا ہوں۔",,,,,,,"""جی اماں، میں نے اپنے بچپن کے مقابلے میں بہت ترقی کی ہ�",,,,,,,"""جی، آپ کی تعریف کا شکریہ۔""",,,,,,,"""شکریہ، آپ کی دعاوں کا اثر ہے۔""",,,,,,
175,دوست,دوست,Low,دوست مذاق اور تعریف کے ملے جلے انداز میں بات کر رہا ہے۔,یار، آج تو بڑے اسٹائلش لگ رہے ہو۔,ہاہا، زیادہ مکھن نہ لگاؤ۔,,,,,,,"""جی، میں بہت خوشی سے بات کر رہا ہوں۔""",,,,,,,"""شکریہ یار، تمہاری تعریف ہمیشہ خوشی دیتی ہے!""",,,,,,,"""دوست، تمہاری تعریف کا شکریہ، مگر میں صرف معمولی لباس پہن رہا ہوں�",,,,,,,"""ہاہا، تم بھی اتنے فطین لگ رہے ہو، مجھے بھی لگ",,,,,,
176,استاد,طالب علم,Medium,کلاس کے دوران استاد آپ کے جواب کی تعریف کر رہے ہیں۔,تم نے آج بہت اچھا جواب دیا۔,شکریہ سر، ابھی بہت کچھ سیکھنا باقی ہے۔,,,,,,,"""شکریہ سر، آپ کی تعریف میرے لیے بہت اہم ہے!""",,,,,,,"""جی، آپ کی تعریف کا شکریہ۔""",,,,,,,"""آپ کی تعریف کا شکریہ استاد۔""",,,,,,,"""شکریہ استاد، میں کافی کوشش کرتا ہوں۔""",,,,,,
177,دوست,دوست,Low,دوست آپ کی تعریف کر رہا ہے لیکن آپ تعریف کو قبول کرنے کے بجائے رد کر رہے ہیں۔,یار، تم تو بہت ذہین ہو۔,نہیں یار، تم بس بلاوجہ میری تعریف کرتے رہتے ہو۔,,,,,,,"""نہیں، یار، مجھے تو صرف معمولی سے زیادہ کرنا پڑا تھا، بس ایسا ل",,,,,,,"""جب تک تم نے کچھ نہیں کیا، میری تعریف کو قبول کرنے کی کیسی ضر",,,,,,,"""نہیں یار، تمہاری مہربانی ہے، میں نے صرف محنت کی ہے۔""",,,,,,,"""شکریہ یار، بس تمہاری تعریف قبول کر لینا۔""",,,,,,
178,والد,بیٹا,High,والد آپ کی کامیابی کو سراہتے ہوئے اس سے مستقبل میں بھی اچھی کارکردگی کی توقع کر رہے ہیں۔,اچھے نمبر آئے ہیں، اب یہی معیار برقرار رکھنا۔,جی ابو، میں پوری کوشش کروں گا۔,,,,,,,"""جی ابو، میں پوری کوشش کروں گا کہ ہمیشہ اچھی کارکردگی دکھاؤں۔""",,,,,,,"""جی، والد جی، آپ کی توقع کا شکریہ۔ میں بھی اچھے نمبر حاصل کرنے کے لی",,,,,,,"""والد جان، میں بھی ایسا کام کرںگا جس کی آپ کو سر سے راضی ہو",,,,,,,"""والد جان، آپ کی بہت تعریف کرتا ہوں۔ مستقبل میں بھی بہترین کارکردگی کا",,,,,,
179,کزن,کزن,Low,ایک خاندانی تقریب کے بعد کزن آپ کی تعریف کر رہا ہے۔,یار، آج تو تم محفل کی جان بنے ہوئے تھے۔,چھوڑو یار، ایسی کوئی خاص بات نہیں تھی۔,,,,,,,"""ارے، تمہاری تعریف کا شکریہ۔ بس میں نے اپنے پاس موجود صلاحیتوں کا است",,,,,,,"""ارے کزن، تمہاری تعریف کا شکریہ۔ آپ کی بہت مہربانی، مجھے یہ موقع",,,,,,,"""شکریہ یار، تمہاری تعریف میرے لیے بہت معنی رکھتی ہے۔""",,,,,,,"""جی، میں آپ کی جانب سے محفل کی جان بنے ہوں۔ امید ہے آپ نے میری",,,,,,
180,ساتھی,ساتھی,Medium,ایک ساتھی میٹنگ کے بعد آپ کی پریزنٹیشن کی تعریف کر رہا ہے، لیکن آپ اس تعریف کو پوری طرح قبول نہیں کر رہے۔,آج کی پریزنٹیشن کافی متاثر کن تھی۔,شاید آپ ضرورت سے زیادہ تعریف کر رہے ہیں، ابھی کافی خامیاں باقی ہیں۔,,,,,,,"""جی، آپ کی تعریف کا شکریہ۔ مجھے یقین ہے کہ اس میں بہت سے",,,,,,,"""آپ کی تعریف کا احترام ہے، لیکن میں کچھ ملاحظے کر رہا ہو",,,,,,,"""شکریہ، لیکن یہ سب میری ٹیم کی محنت کا نتیجہ ہے۔""",,,,,,,"""جی، آپ کی تعریف کا شکریہ۔ مگر، مجھے امید ہے کہ آپ نے میری پریزنٹ",,,,,,
181,استاد,طالب علم,Medium,استاد آپ کی اسائنمنٹ دیر سے جمع ہونے کی نشاندہی کر رہے ہیں۔,تم نے اسائنمنٹ وقت پر جمع نہیں کرائی۔,معذرت سر، مجھ سے تاخیر ہو گئی، آئندہ وقت پر جمع کرانے کی پوری کوشش کروں گا۔,,,,,,,"""جی سر، مجھے اس کے بارے میں یاد نہیں آیا تھا کہ اسائنمنٹ کی تاریخ ک",,,,,,,"""سر، میں معذرت خواہ ہوں، کچھ وجوہات کی بنا پر تاخیر ہو گئی۔ میں اسے جلدی مکمل کر کے جمع کر دوں گا۔""",,,,,,,"""استاد، معذرت چاہتی ہوں، مگر مجھے یہ واقعہ معلوم نہیں ت",,,,,,,"""جی، استاد جان، میں آج آیا ہوں تاکہ اسائنمنٹ جلدی جلد جمع کر د",,,,,,
182,افسر,ملازم,High,افسر آپ کی تیار کردہ رپورٹ میں موجود غلطی کی نشاندہی کر رہا ہے۔,رپورٹ میں ایک اہم غلطی رہ گئی ہے۔,معاف کیجیے گا سر، میں رپورٹ دوبارہ چیک کرکے فوری طور پر درست کر دیتا ہوں۔,,,,,,,"""افسر صاحب، رپورٹ میں یہ غلطی میرے لیے بہت اہم ہے۔",,,,,,,"""شکریہ سر، میں فوری طور پر اس غلطی کو درست کر دیتا ہوں۔""",,,,,,,"""آپ کی نشاندہی کا شکریہ۔ میں آپ کی تجاویز کے مطابق اس غ",,,,,,,"""سر، میں اس غلطی کو درست کر دیتا ہوں۔""

---",,,,,,
183,والد,بیٹا,High,والد آپ کی ایک غلطی پر ناراضی کا اظہار کر رہے ہیں۔,میں نے تمہیں پہلے ہی سمجھایا تھا۔,معذرت ابو، مجھے آپ کی بات مان لینی چاہیے تھی، آئندہ ایسا نہیں ہوگا۔,,,,,,,"""جی ابو، میں جانتا ہوں، میری غلطی ہے۔ آئندہ دھیان رکھوں گا۔""",,,,,,,"""والد جان، میں نے تمہیں پہلے ہی سمجھایا تھا۔ مگر میں اپنا",,,,,,,"""والد جان، میں سمجھتا ہوں، مگر اب اس کے بعد کچھ نہیں کر سکتا",,,,,,,"""جی، والد جان، مجھے یاد نہیں تھا، مجھے بتائیے کہ کیا کرنا تھا�",,,,,,
184,والدہ,بیٹی,High,والدہ آپ کے دیر سے گھر پہنچنے پر اپنی پریشانی کا اظہار کر رہی ہیں۔,میں تمہارا کب سے انتظار کر رہی تھی۔,معاف کر دیں امی، مجھے آنے میں دیر ہو گئی، آئندہ وقت کا زیادہ خیال رکھوں گی۔,,,,,,,"""والدہ جان، سچی بات یہ کہ میں دیر سے گھر پہنچا، مگر اب میں",,,,,,,"""امی، معاف کیجیے گا، راستے میں کچھ دیر ہو گئی۔ میں اب آ گئی ہوں۔""",,,,,,,"""میری والدہ جان، آپ کی بہت مبارک ہوں۔ مگر میں اپنا سفر کیا ت",,,,,,,"""جی ماں، مجھے معاف کر دیجئے، میرا کام لگی تھی اور میں بہت دیر س",,,,,,
185,دوست,دوست,Low,آپ کا دوست اس کام کا ذکر کر رہا ہے جو آپ اس کے لیے کرنا بھول گئے تھے۔,یار، تم میرا کام کرنا بھول گئے تھے۔,سوری یار، یہ واقعی میری غلطی تھی، آئندہ یاد رکھوں گا۔,,,,,,,"""اوہ، مجھے واقعی یاد نہیں رہا۔ مجھے معاف کر دو، میں فوراً اسے مکمل کر دوں گا۔""",,,,,,,"""جب تک میں نے نہیں چھوڑا، میں میں کام کرنا تلاش کر رہا ر",,,,,,,"""یار، مجھے یاد نہیں آیا تھا، آپ بتائیے کہ کیا کام تھا۔""",,,,,,,"""جی، میں نے یقینی طور پر یاد کیا ہے، بس ابھی کچھ دیر کا فرق ہ�",,,,,,
186,دوست,دوست,Low,آپ کا دوست تاخیر کی وجہ سے اپنی ناراضی کا اظہار کر رہا ہے۔,یار، تمہاری وجہ سے مجھے کافی دیر انتظار کرنا پڑا۔,معاف کرنا یار، میری وجہ سے دیر ہوئی، لیکن راستے میں بہت ٹریفک تھی۔,,,,,,,"""میں سمجھتا ہوں، مگر اب کچھ دیر بعد ہوا، بس اتنا ہی۔""",,,,,,,"""میں معاف ہوں، یہ تاخیر مجھے بھی ناگوار لگی۔ اب آجاؤ، می",,,,,,,"""متأسف ہوں، میں آج آ آں گا۔""",,,,,,,"""مجھے معاف کر دو، یار! کچھ غیر متوقع کام آ گئے تھے، آئندہ خیال رکھوں گا۔""",,,,,,
187,جونیئر,سینئر,Medium,آپ اپنے سینئر کے سخت رویے پر ناراضی کا اظہار کر رہے ہیں۔,سر، آپ نے سب کے سامنے مجھ سے بہت سخت لہجے میں بات کی تھی۔,اگر میری بات سے آپ کو برا لگا ہو تو میں معذرت چاہتا ہوں، میرا مقصد صرف کام کی نشاندہی کرنا تھا۔,,,,,,,"""میں سمجھتا ہوں کہ آپ کا مقصد میری بہتری ہے، مگر میں نے محسوس کیا کہ اس طرح کی بات چیت بہتر نہیں ہوتی۔""",,,,,,,"""میں سمجھتا ہوں، مگر میں نے صرف آپ کی کارکردگی کا احاطہ کیا تھا",,,,,,,"""جی، مجھے لگتا ہے کہ آپ کی بات کا مقصد مجھے سمجھنے کے لی�",,,,,,,"""جی، میں آپ کی ناراضی کو میلنے والے ہوں۔ آپ کی نظر کو بھی د",,,,,,
188,سینئر,جونیئر,High,سینئر آپ کے کام میں موجود خامی کی طرف توجہ دلا رہا ہے۔,آپ نے یہ کام ہدایات کے مطابق مکمل نہیں کیا۔,معذرت سر، مجھ سے غلطی ہو گئی، میں اسے فوراً درست کر دیتا ہوں۔,,,,,,,"""جی سر، میں نے اسے درست نہیں کیا۔ میں اسے دوبارہ سنبھالیں",,,,,,,"""آپ کی نشاندہی کا شکریہ، میں اس خامی کو جلد درست کر لوں گا۔""",,,,,,,"""آپ کی نشاندہی کا شکریہ، میں آپ کی تجاویز کے مطابق ایک",,,,,,,"""جی، آپ کی نشاندہی کا شکریہ۔ میں آپ کی تجاویز کے مطابق اس کام پر دوبارہ کام ک",,,,,,
189,ساتھی,ساتھی,Medium,آپ کا ساتھی فائل کی غلط جگہ منتقلی کی وجہ سے پیدا ہونے والے مسئلے کی نشاندہی کر رہا ہے۔,فائل غلط فولڈر میں بھیج دی گئی تھی، جس کی وجہ سے تاخیر ہوئی۔,معذرت، یہ غلطی مجھ سے ہوئی تھی، میں آئندہ زیادہ احتیاط کروں گا۔,,,,,,,"""آپ کی نشاندہی کا شکریہ۔ میں اس جگہ سے فایل منتقل کر دیتا",,,,,,,"""آپ کی نشاندہی کا شکریہ۔ میں آپ کی تجاویز کے مطابق ان حصوں پر دوبارہ",,,,,,,"""آپ کی نشاندہی کا شکریہ، میں فوراً فائل کو صحیح فولڈر میں منتقل کر دیتا ہوں۔""",,,,,,,"""جی، مجھے یہ معلوم ہوا کہ فائل غلط فولڈر میں بھیج دی گئی تھ",,,,,,
190,کزن,کزن,Low,آپ کا کزن آپ کے دیر سے پہنچنے کا ذکر کر رہا ہے۔,یار، مجھے کافی دیر تمہارا انتظار کرنا پڑا۔,معاف کرنا یار، راستے میں کچھ دیر ہو گئی، تمہیں انتظار کروانا نہیں چاہتا تھا۔,,,,,,,"""میں معاف ہوں، یہاں کچھ دیر لگی تھی، بس آ گیا ہوں",,,,,,,"""سوری یار، کچھ مصروفیت کی وجہ سے دیر ہو گئی۔""",,,,,,,"""ارے، سچی بات یہ کہ تمہاری مصروفیت کی وجہ سے تمہارے پہنچن",,,,,,,"""جب تک آپ نہیں پہنچا تھا، میں کافی انتظار کر رہا تھا۔""",,,,,,
191,استاد,طالب علم,Medium,استاد آپ کے دیر سے آنے کی نشاندہی کر رہے ہیں۔,تم آج کلاس میں دیر سے آئے ہو۔,میں معذرت چاہتا ہوں، آئندہ وقت کا خیال رکھوں گا۔,,,,,,,"""استاد جان، میری طرف سے بہت متأسف ہوں۔ دیر سے آئے گا۔""",,,,,,,"""سر، معذرت چاہتا ہوں، کچھ غیر متوقع وجہ سے دیر ہو گئی۔""",,,,,,,"""جی استاد، مجھے معاف کرنا چاہیے، مگر مجھے کسی اور کام میں فوری مدد درکار ت",,,,,,,"""جی سر، مجھے معاف کیجئے، میرا کچھ کام تھا، اب آ گیا ہوں۔""",,,,,,
192,والد,بیٹا,High,والد آپ کو کسی ایسی حرکت پر ڈانٹ رہے ہیں جس سے انہوں نے پہلے منع کیا تھا۔,میں نے تمہیں پہلے ہی منع کیا تھا۔,معاف کر دیں ابو، مجھ سے غلطی ہو گئی، آئندہ ایسا نہیں ہوگا۔,,,,,,,"""جی ابو، مجھے معاف کریں، میں نے غلطی کی ہے، آئندہ خیال رکھوں گا۔""",,,,,,,"""آپ کی مہربانی محسوس ہے، لیکن میں اسحرکت پر ڈانٹ رہا ہ",,,,,,,"""والد جان، میں سمجھتا ہوں، مگر یہ ایک ایسا عمل تھا جس کے نتائج",,,,,,,"""جی، آپ نے پہلے ہی بتایا تھا کہ یہ کام نہیں کرنا چا",,,,,,
193,دوست,دوست,Low,آپ کا دوست آپ سے پیغام کا دیر سے جواب دینے پر ناراضی کا اظہار کر رہا ہے۔,تم نے میرے میسج کا جواب اتنی دیر سے دیا۔,معذرت، مگر میں بھی اپنے کاموں میں مصروف تھا۔,,,,,,,"""یار، معذرت! میں مصروف تھا، اب جواب دے رہا ہوں۔""",,,,,,,"""میں معاف ہوں، مجھے کچھ کام کے باعث دیر سے جواب نہیں ملا",,,,,,,"""میں نے واقعی دیر سے جواب دیا، مگر اب میں حاضر ہوں۔""",,,,,,,"""میں آپ کی طرف سے بہت بہت بابت نہیں۔ مگر اب تک میں نے پیغ",,,,,,
194,بزرگ رشتہ دار,نوجوان,High,ایک بزرگ رشتہ دار آپ کے رویے پر ناراضی کا اظہار کر رہا ہے اور آپ کے اندازِ گفتگو کی نشاندہی کر رہا ہے۔,تمہیں بات کرنے کا طریقہ نہیں ہے کہ بڑوں سے کیسے بات کرتے ہیں۔,معاف کیجیے، اگر میری بات سے بے ادبی محسوس ہوئی ہو، آئندہ خیال رکھوں گا۔,,,,,,,"""جی، میں سمجھتا ہوں، مگر یہ میرا معمول ہے، جسے میں تبدیل",,,,,,,"""آپ کی نشاندہی کا شکریہ، لیکن میں بڑے بھائیوں سے بات ک",,,,,,,"""بڑوں کے ساتھ بات کرنے کا طریقہ تو ہمیں اپنے والدین سے س",,,,,,,"""معاف کیجیے گا، میں نے آپ کو تکلیف پہنچائی، میں اپنی بات چیت میں بہتری لانے کی کوشش کروں گا۔""",,,,,,
195,ساتھی,ساتھی,Medium,آپ کا ساتھی کام میں ہونے والی ایک معمولی لیکن اثر انداز غلطی کی نشاندہی کر رہا ہے۔,آپ کی اس غلطی کی وجہ سے کام میں تاخیر ہوئی ہے۔,معذرت، آئندہ خیال رکھوں گا۔,,,,,,,"""جب تک آپ نے اسے حل نہیں کیا، کام کی تاخیر چلنے کی وجہ بنا گی",,,,,,,"""جی، مجھے معلوم ہوا کہ یہ غلطی ہوئی ہے۔ ابھی اسے",,,,,,,"""شکریہ، میں اس پر غور کروں گا اور جلد ہی اسے درست کر لوں گا۔""",,,,,,,"""جی، میں جانتا ہوں، مگر ابھی بھی اسے درست کرنا چاہئے تاک�",,,,,,
196,دوست,دوست,Low,آپ بیماری کے بعد اپنے دوست کی خیریت دریافت کر رہے ہیں۔,یار، طبیعت اب کیسی ہے؟ سنا تھا تم بیمار تھے۔,الحمدللہ، اب پہلے سے کافی بہتر ہوں، تمہاری فکر کا شکریہ۔,,,,,,,"""شکریہ یار، اب میں بہتر ہوں۔ تمہاری فکر کا بہت شکریہ!""",,,,,,,"""الحمدللہ یار، طبیعت میں بہت بہتر ہو گئی۔ تمہاری مدد سے بہ",,,,,,,"""جی یار، اب ٹھیک ہوں، اللہ تعالیٰ نے صحت بخشی ہے۔ آپ کی س",,,,,,,"""جی، میں اب بہت بہتر ہوں۔ تمہاری تشویش کا شکریہ۔""",,,,,,
197,دوست,دوست,Low,آپ اپنے دوست کی خیریت دریافت کر رہے ہیں جو حال ہی میں طبیعت خراب ہونے کی وجہ سے پریشان تھا۔,یار، طبیعت اب ٹھیک ہے نا؟,ہاں یار، اب کافی بہتر ہوں، بس تھوڑی کمزوری ہے۔,,,,,,,"""جی یار، اب ٹھیک ہو گیا ہوں۔ آپ کی خیریت دریافت کرنے کا بہت",,,,,,,"""جی، اب بہت بہتر ہوں۔ بس کچھ آرام کے بعد دوبارہ معمول پر آ گیا �",,,,,,,"""جی، شاید کچھ وقت کی وجہ سے، لیکن حال ہی میں بہتر ہو گیا۔",,,,,,,"""جی، الحمدللہ اب بہتر ہوں۔ تمہاری فکر کا شکریہ!""",,,,,,
198,والد,بیٹا,High,والد آپ کی بیماری کے بعد آپ کی خیریت دریافت کر رہے ہیں۔,بیٹا، اب طبیعت کیسی ہے؟ میں تمہارے بارے میں فکر مند تھا۔,جی ابو، اللہ کا شکر ہے، اب کافی بہتر ہوں، آپ کی فکر کا شکریہ۔,,,,,,,جی ابو، اب میں بہتر محسوس کر رہی ہوں۔ آپ کی فکر کا بہت شکریہ۔,,,,,,,"""والد جان، الحمدللہ، اب پہلے سے بہتر ہوں۔ تمہاری فکر کرن",,,,,,,"""والد جان، میری طبیعت بہت ٹھیک ہے۔ مگر آپ کی خیریت کے لی",,,,,,,"""جی دادی، اب پہلے سے بہتر ہوں۔ میری فکر کرنے کا بہت",,,,,,
199,والدہ,بیٹی,High,والدہ بیماری کے بعد آپ کی خیریت دریافت کر رہی ہیں۔,بیٹا، اب طبیعت ٹھیک ہے نا؟ میں تمہارے لیے پریشان تھی۔,جی امی، اب کافی بہتر ہوں، آپ فکر نہ کریں ۔,,,,,,,"""الحمدللہ والدینے ٹھیک ہو گئے ہیں، میں بہت س�کھا ہو",,,,,,,جی امی، اب میں بالکل ٹھیک ہوں۔ آپ کی فکر کا بہت شکریہ۔,,,,,,,"""جی امی، اب سب ٹھیک ہے۔ تمہاری بہت مہربانی، بس تمہاری فکر ن�",,,,,,,"""جی دادی، اب بہت بہتر ہوں۔ آپ کی فکر کرنے کا بہت شکریہ�",,,,,,
200,بزرگ رشتہ دار,نوجوان,High,ایک بزرگ رشتہ دار آپ کی صحت کے بارے میں فکر مندی سے پوچھ رہے ہیں۔,بیٹا، اب صحت کیسی ہے؟ سب خیریت تو ہے؟,جی الحمدللہ، سب خیریت ہے، آپ کی دعاؤں کا بہت شکریہ۔,,,,,,,"""جی، صحت بہت خوبصورت ہے۔ امیدوار ہوں کہ آپ کی صحت بھی بہت خ",,,,,,,"""جی دادی، اب پہلے سے بہتر ہوں۔ میری فکر کرنے کا بہت",,,,,,,جی چچا، الحمدللہ اب بہتر ہوں۔ آپ کی فکر کا بہت شکریہ۔,,,,,,,"""جی دادی، اب پہلے سے بہتر ہوں۔ میری فکر کرنے کا بہت",,,,,,
201,پڑوسی,پڑوسی,Medium,ایک پڑوسی آپ کی خیریت دریافت کر رہا ہے کیونکہ وہ آپ کی بیماری کے بارے میں سن چکا ہے۔,سنا ہے آپ کی طبیعت کچھ دنوں سے خراب تھی، اب کیسی ہے؟,جی، اب کافی بہتر ہوں، پوچھنے کا شکریہ۔,,,,,,,"""الحمدللہ، اب تک میں بہت بہتر ہو گیا۔ تمہاری خیریت کے لیے",,,,,,,"""جی، بس ابھی صحت یاب ہوا ہوں۔ آپ کی تشویش کا شکریہ۔""",,,,,,,"""جی، شکریہ! اب میں بہتر محسوس کر رہی ہوں۔ آپ کی فکر کا بہت شکریہ۔""",,,,,,,"""جی، اب پہلے سے بہتر ہوں۔ میری فکر کرنے کا بہت شکری",,,,,,
202,استاد,طالب علم,Medium,استاد بیماری کی وجہ سے غیر حاضری پر آپ کی خیریت دریافت کر رہے ہیں۔,کیا اب طبیعت سنبھل گئی ہے؟,جی سر، اللہ کا شکر ہے، اب طبیعت کافی بہتر ہے۔,,,,,,,"""جی استاد، اب بہت بہتر ہوں۔""",,,,,,,"""جی، اب بہت بہتر ہوں۔ آپ کی تشریف آوردگی کا شکریہ۔""",,,,,,,"""الحمدللہ بہت بہتر ہو گئی ہے۔ میں استاد کی طبیعت کی آمیزی",,,,,,,جی سر، الحمدللہ اب میں بہتر محسوس کر رہا ہوں۔ آپ کی فکر کا بہت شکریہ۔,,,,,,
203,دوست,دوست,Low,دوست مذاق اور شکوک بھرے انداز میں آپ کی بیماری کے بارے میں پوچھ رہا ہے۔,ابھی بھی ڈرامہ چل رہا ہے یا واقعی طبیعت خراب ہے؟,یار، واقعی طبیعت خراب تھی، ہر چیز کو مذاق مت سمجھا کرو۔,,,,,,,"""ہاں، ابھی بھی ڈرامہ چلتا ہے، لیکن طبیعت بہتر ہ",,,,,,,"""جی، ابھی بھی ڈرامہ چل رہا ہے، بس ایک معمولی بیماری ہے،",,,,,,,"""جب تک میں نے کچھ نہیں بتایا، آپ کی معلومات کے لیے میں اس کی بہ",,,,,,,"""یار، واقعی طبیعت کچھ ٹھیک نہیں ہے، مگر تمہارا مذاق ہمیشہ خوشی دیتا ہے!""",,,,,,
204,سینئر,جونیئر,High,سینئر بیماری کے بعد آپ کی صحت اور کام کی صلاحیت کے بارے میں پوچھ رہا ہے۔,اب طبیعت بہتر ہے؟ کیا آپ معمول کے مطابق کام کر سکیں گے؟,جی سر، اب کافی بہتر ہوں اور معمول کے مطابق کام کر سکتا ہوں۔,,,,,,,"""الحمدللہ، صحت بہتر ہے۔ آج معمول کے مطابق کام کر سکتا ہوں۔""",,,,,,,"""جی، اب بہتر ہوں۔ بس کچھ دن آرام کروں گا، پھر معمول کے مطابق کام شروع",,,,,,,"""جی، اب پہلے سے بہتر ہوں۔ میری طبیعت بہت زیادہ بہتر",,,,,,,"""جی سر، اب میں بہتر محسوس کر رہا ہوں اور جلد ہی معمول کے مطابق کام شروع کر دوں گا۔""",,,,,,
205,ساس,بہو,High,ساس بیماری کے بعد  آپ کی کی خیریت دریافت کر رہی ہیں۔,بیٹا، اب کمزوری تو نہیں؟,جی امی جان، اب کافی بہتر ہوں، آپ کی دعاؤں اور فکر کا شکریہ۔,,,,,,,"""جی اماں، اب سب ٹھیک ہے۔ بس کچھ عرصے کے آرام کے بعد دوبارہ",,,,,,,"""جی ساس، اب کافی بہتر ہوں، آپ کی دعاوں کا شکریہ۔""",,,,,,,"""الحمدللہ بہت بہتر ہو گئی، مگر بیماری کیلئے کچھ زخمیت ہ",,,,,,,"""جی دادی، اب بہت بہتر ہوں۔ آپ کی فکرمندی کا شکریہ۔""",,,,,,
206,دوست,دوست,Low,آپ کا دوست آپ کی بیماری کو سنجیدگی سے نہیں لے رہا اور طنزیہ انداز میں بات کر رہا ہے۔,اب بھی طبیعت کا بہانہ چل رہا ہے؟,یار، واقعی طبیعت خراب تھی، ہر بات کو مذاق مت سمجھا کرو۔,,,,,,,"""جی، یار، مجھے اب بھی بہت لاحق ہے، آپ کی بہت مہربانی �",,,,,,,"""جب کہ میں بیمار ہوں، تو تم کی طرز حیات کو پڑھ لیں گے؟""",,,,,,,"""یار، میری طبیعت واقعی خراب ہے، براہ کرم مذاق نہ کرو۔""",,,,,,,"""جی، مگر اب بھی مجھے یہی بہانہ استعمال کرنا پڑے گا۔""",,,,,,
207,بزرگ,نوجوان,High,ایک بزرگ آپ کی صحت یابی کے بارے میں فکر مندی کا اظہار کرتے ہوئے دوائی باقاعدگی سے لینے کی تلقین کر رہے ہیں۔,بیٹا، دوائی وقت پر لے رہے ہو نا؟ لاپرواہی مت کرنا۔,جی، میں دوائی وقت پر لے رہا ہوں، آپ کی نصیحت کا شکریہ۔,,,,,,,"""جی، دادی جی، میں دوائی لے رہا ہوں۔ آپ کی تشویش کا شکریہ۔""",,,,,,,جی بزرگ، میں دوائی باقاعدگی سے لے رہا ہوں۔ آپ کی فکر کا بہت شکریہ۔,,,,,,,"""جب وقت آئے تو آسانی سے لیں گے۔ لاپرواہی کرنا بہت اہم ہے۔""",,,,,,,"""جی، امی، میں دوائی وقت پر لے رہا ہوں۔ بس آپ کا بہت شکریہ",,,,,,
208,ساتھی,ساتھی,Medium,ایک ساتھی آپ کی بیماری کے اثرات کے بارے میں پوچھ رہا ہے۔,طبیعت کی وجہ سے کام متاثر تو نہیں ہوا؟,کام مکمل ہو گیا تھا، اتنی بھی طبیعت خراب نہیں تھی جتنا سمجھا جا رہا ہے۔,,,,,,,"""جی، اب کچھ بہتر ہو گیا ہے۔ آپ کی تشویش کا شکریہ۔""",,,,,,,"""جی، مگر اب بہتر ہو رہا ہے۔""",,,,,,,"""جبکہ کام کے لیے آپ کی طبیعت کی کچھ محدودیت ہو گئی ہے، ل",,,,,,,"""نہیں، میں نے کوشش کی کہ کام متاثر نہ ہو، سب کچھ وقت پر مکمل کر لیا ہے۔""",,,,,,
209,کزن,کزن,Low,آپ کا کزن بیماری کے بعد آپ کی خیریت دریافت کر رہا ہے۔,اب کیسا محسوس کر رہے ہو؟,طبیعت تو بہتر ہے، لیکن بیماری نے کافی پریشان کر دیا تھا۔,,,,,,,"""میں بہتر محسوس کر رہا ہوں، تمہاری فکر کا شکریہ!""",,,,,,,"""خدا کا شکر، اب بہت ٹھیک ہوں۔ آپ کی مدد اور دعاؤں سے ف",,,,,,,"""الحمدللہ، بہت بہتر ہو گئے۔ تمہاری مدد سے بہت زیادہ بہتر ہ",,,,,,,"""ارے، کیسے ہو؟ امید ہے تمہارا کام اچھی طرح ہو گیا ہو",,,,,,
210,دوست,دوست,Low,دوست بے صبری اور ہلکے طنزیہ انداز میں آپ کی صحت کے بارے میں پوچھ رہا ہے۔,آخر کب تک بیمار رہنے کا ارادہ ہے؟,ہاں یار، اب بہتر ہوں، لیکن اتنی جلدی بھی سب کچھ ٹھیک نہیں ہوتا۔,,,,,,,"""یار، بس کچھ دنوں کی بات ہے، جلد ہی ٹھیک ہو جاؤں گا۔""",,,,,,,"""میں کمیں کب بیمار رہنے کی نیکات نہیں، لیکن آج کی حالتوں م",,,,,,,"""دوست، بس ابھی ابھی صحت یاب ہوا ہوں، بس ابھی ابھی شروع کیا ہ�",,,,,,,"""یار، بس اب ٹھیک ہو گیا ہوں، بس تھوڑا سا مزید آرام کرنے ک",,,,,,
211,والد,بیٹا,High,والد آپ کو ایک ضروری کام فوراً مکمل کرنے کی ہدایت دے رہے ہیں۔,یہ کام ابھی مکمل کرو۔,جی ابو، ابھی کر دیتا ہوں۔,,,,,,,"""جی، میں ابھی اس کام کو ختم کر دیتا ہوں۔""",,,,,,,"""جی، فوراً مکمل کروں گا۔""",,,,,,,"""جی والد صاحب، میں ابھی شروع کر دیتا ہوں۔""",,,,,,,"""والد جان، بس ابھی کام مکمل کروں گا، پھر آپ کی بہت مہربانی کا شکریہ�",,,,,,
212,والدہ,بیٹی,High,والدہ گھر کے کام کے سلسلے میں آپ کو کچن صاف کرنے کی ہدایت دے رہی ہیں۔,کچن صاف کر دو۔,جی امی، ابھی کچن صاف کر دیتی ہوں۔,,,,,,,"""جی، والدہ جان، میں کچن صاف کر دیں گا۔""",,,,,,,"""والدہ جان، بس ابھی کچن صاف کر لوں گا، آپ فکر نہ کریں۔""",,,,,,,"""جی امی، ابھی کرتی ہوں۔""",,,,,,,"""جی امی، ابھی چلوں گیا، کچن صاف کر لوں گی۔""",,,,,,
213,استاد,طالب علم,Medium,استاد کلاس میں آپ کو بورڈ پر سوال حل کرنے کی ہدایت دے رہے ہیں۔,یہ سوال بورڈ پر حل کرو۔,جی سر، میں ابھی اس سوال کو حل کرنے کی کوشش کرتا ہوں۔,,,,,,,"""جی، میں اس سوال کا حل بورڈ پر کر دیتا ہوں۔""",,,,,,,"""جی سر، ابھی کرتا ہوں۔""",,,,,,,"""جی سر، یہ سوالات حل کروں گا۔""",,,,,,,"""جی استاد، میں یہ سوال حل کر لوں گا۔""",,,,,,
214,افسر,ملازم,High,افسرآپ کو ایک اہم رپورٹ وقت پر جمع کرانے کی ہدایت دے رہا ہے۔,یہ رپورٹ آج ہی مکمل کرکے جمع کرائیں۔,جی سر، میں یہ رپورٹ آج ہی جمع کرا دوں گا۔,,,,,,,"""جی سر، میں رپورٹ وقت پر جمع کروا دوں گا۔""",,,,,,,"""جی، سر، رپورٹ کا جائزہ لیا ہوا ہے اور ابھی کچھ نکات درکار �",,,,,,,"""جی سر، میں اسے وقت پر مکمل کرکے جمع کر دوں گا۔""",,,,,,,"""جی، میں آج ہی رپورٹ کو مکمل کرکے جمع کر دیںگے۔""",,,,,,
215,دوست,دوست,Low,آپ دونوں ایک ساتھ کام کر رہے ہیں اور آپ کا دوست آپ سے فائل مانگ رہا ہے۔,یار، ذرا وہ فائل مجھے پکڑا دو۔,بالکل، میں ابھی دے دیتا ہوں۔,,,,,,,"""یار، ابھی آئیے، وہ فائل میں ہی ہے۔""",,,,,,,"""جی، میں پہلے یہی کام مکمل کر دیتا ہوں۔""
[The response is the same as the",,,,,,,"""جی، یہ لو، یہ رہی فائل۔""",,,,,,,"""جی، میں آپ کی طرف سے فائل مانگتا ہوں۔""",,,,,,
216,دوست,دوست,Low,آپ کا دوست غصے یا جھنجھلاہٹ میں آپ کو خاموش رہنے کا کہہ رہا ہے۔,بس چپ ہو جاؤ اور میری بات سنو۔,ٹھیک ہے یار، لیکن آرام سے بھی بات کر سکتے ہو۔,,,,,,,"""جی، میرا شکریہ۔ مجھے سمجھ آ گیا کہ آپ کیا کہنا چاہتے ت",,,,,,,"""یار، میں سن رہا ہوں، لیکن تھوڑا آرام سے بات کرو۔""",,,,,,,"""جی، میں چپ ہوں گا۔ آپ کی بات سننے کی آگیہ ہوں گا",,,,,,,"""بھائی، میں سمجھتا ہوں کہ تم غصے میں ہو، مگر میں تم",,,,,,
217,سینئر,جونیئر,High,سینئر آپ سے میٹنگ کی دستاویزات جلد از جلد شیئر کرنے کا کہہ رہا ہے۔,میٹنگ کے نوٹس فوراً بھیج دو۔,جی سر، میں ابھی نوٹس بھیج دیتا ہوں۔,,,,,,,"""جی سر، میں ابھی انہیں تیار کر کے بھیج دیتا ہوں۔""",,,,,,,"""جی، میں فوراً نوٹس بھیج دیتا ہوں۔""",,,,,,,"""جی سر، جلد از جلد نوٹس بھیجوں گا۔""",,,,,,,"""جی، میٹنگ کے نوٹس جلد از جلد شیئر کر دیئے جائیں گے۔""",,,,,,
218,سینئر,جونیئر,High,سینئر کام کے معیار سے مطمئن نہیں ہے اور  آپ کو اسے دوبارہ کرنے کا حکم دے رہا ہے۔,یہ کام دوبارہ کرنا پڑے گا۔,جی سر، میں اسے دوبارہ کر دیتا ہوں۔,,,,,,,"""جی سر، میں اسے بہتر بنانے کے لیے دوبارہ کام کرتا ہوں۔""",,,,,,,"""سر، مجھے یقین ہے کہ میں اس کام کو دوبارہ کر کے بہترین معیار فر",,,,,,,"""جی، سر، میں دوبارہ اس کام کو مکمل کر دیتا ہوں تاکہ آپ کے معیار ک�",,,,,,,"""جی، میں اس کام کو دوبارہ میں ساتھ چلنے کے لیے آئیں گی۔",,,,,,
219,چچا,بھتیجا,High,چچا گھر کے کام میں آپ سے مدد لے رہے ہیں۔,یہ سامان اندر رکھ دو۔,جی چچا جان، میں ابھی یہ سامان اندر رکھ دیتا ہوں۔,,,,,,,"""چچا جان، آپ کی بہت مہربانی، مگر آپ زحمت نہ کریں۔ میں یہ کام خود",,,,,,,"""جی چچا، ابھی رکھ دیتا ہوں۔""",,,,,,,"""جی چچاجان، یہ سامان رکھ لوں گا۔""",,,,,,,"""چچا جان، آپ کی مہربانی محسوس ہے۔ میں آپ کے لیے ایسے سامان",,,,,,
220,ساس,بہو,High,ساس گھر کے کام کاج کے حوالے سے آپ کو ہدایت دے رہی ہیں۔,آج کھانا وقت پر تیار ہونا چاہیے۔,جی امی جان، کھانا وقت پر تیار ہو جائے گا۔,,,,,,,"""جی امی، آپ کی ہدایت پر عمل کرتے ہیں، کھانا تیار ہو جائے گا",,,,,,,"""جی ساس جان، بس وقت پر کھانا تیار کر لوں گے۔""",,,,,,,"""جی ساس، میں وقت پر کھانا تیار کر دوں گی۔""",,,,,,,"""جی، میں آج کھانے کی تیاری وقت پر کر دیں گا۔ ساس جان کی بہت",,,,,,
221,بزرگ,نوجوان,High,ایک بزرگ آپ کو ایک معمولی کام انجام دینے کی ہدایت دے رہے ہیں۔,دروازہ بند کر دو۔,جی، ابھی دروازہ بند کر دیتا ہوں۔,,,,,,,"""جبت کچھ کام ہے، میں اس کے لیے آپ کی ہدایتوں کے مطابق کام",,,,,,,"""جی، میں دروازہ بند کر دوں گا۔""",,,,,,,"""جی، دروازہ بند کر لوں گا۔""",,,,,,,"""جی، ابھی بند کر دیتی ہوں۔""",,,,,,
222,دوست,دوست,Low,آپ نے اپنے دوست سے مدد مانگی تھی، لیکن اس نے بے رخی سے جواب دیا۔,خود ہی کر لو، میرے پاس وقت نہیں ہے۔,ٹھیک ہے یار، کوئی بات نہیں، خود ہی کر لیتا ہوں۔,,,,,,,"""ٹھیک ہے، میں خود ہی کر لوں گا۔""",,,,,,,"""میں سمجھتا ہوں، مگر آپ کا وقت بھی میری طرح محدود ہے۔ شاید ہم",,,,,,,"""میں سمجھ گیا، لیکن کیا یہ ایک دوسرے کے ساتھ تعاون کا دور ہے",,,,,,,"""بھائی، میں بہت مہربانی کرتا ہوں، لیکن اگر آپ نے کچھ ک",,,,,,
223,استاد,طالب علم,Medium,استاد کلاس میں نظم و ضبط برقرار رکھنے کے لیے ایک طالب علم کو سختی سے خاموش رہنے کا کہہ رہے ہیں۔,خاموش رہو۔,جی سر، معذرت چاہتا ہوں، آئندہ اس بات کا خیال رکھوں گا۔,,,,,,,"""جی سر، معاف کیجئے۔ مجھے سمجھ میں نہیں آیا کہ کیا کہنا ت",,,,,,,"""استاد صاحب، میں سمجھتا ہوں، مگر مجھے یقین ہے کہ یہ سوال",,,,,,,"""جی، استاد، میں خاموش رہoga۔""",,,,,,,"""جی سر، خاموش رہوں گا۔""",,,,,,
224,ساتھی,ساتھی,Medium,ایک ساتھی مشترکہ کام کی تقسیم کرتے ہوئے آپ کو ایک مخصوص حصہ سنبھالنے کی ذمہ داری دے رہا ہے۔,آپ یہ حصہ سنبھال لیں۔,ضرور، میں یہ کام سنبھال لیتا ہوں۔,,,,,,,"""جی، میں پہلے یہی کام مکمل کر دیتا ہوں۔""
""جی، میں پ�",,,,,,,"""جی، میں یہ حصہ سنبھال لوں گا، آپ اپنا حصہ سنبھال لیں اور ہ",,,,,,,"""جی، میں یہ حصہ سنبھال لوں گا۔ شکریہ!""",,,,,,,"""جی، میں ایسے کام کرنے کی ذمہ داری لیں گے۔ آپ کی مہربانی",,,,,,
225,بھائی,بہن,Medium,بھائی حفاظت کے پیش نظر آپ کو باہر جانے سے روک رہا ہے۔,ابھی باہر مت جاؤ۔,اچھا، نہیں جاتی، لیکن مجھے جانا ضروری تھا۔,,,,,,,"""بھائی، مجھے جانے کی ضرورت ہے، بس کچھ ضروری کام ہیں، پھر آئ",,,,,,,"""بھائی، آپ کی بہت مہربانی، مگر میں جانا چاہتا ہوں۔""",,,,,,,"""بھائی، میں تھوڑی دیر میں واپس آ جاؤں گی، آپ فکر نہ کریں۔""",,,,,,,"""بھائی، میں اپنا فیصلہ کر رہا ہوں، آپ کو اس کے بارے میں",,,,,,
226,دوست,دوست,Low,آپ کے دوست نے اپنی مصروفیات کے باوجود آپ کی مدد کے لیے وقت نکالا ہے۔,یار، میں نے آج  تمہارا کام مکمل کر دیا۔,یار، تمہارا دل سے شکریہ، تم نے واقعی میرے لیے بہت وقت نکالا۔,,,,,,,"""ارے، تمہیں بہت شکریہ۔ تمہیں بہت محبت ہے۔",,,,,,,"""واہ، تمہاری مہربانی کا بہت شکریہ! تمہاری مدد نے واقعی میری مشکل آسان کر دی۔""",,,,,,,"""آپ کی بہت مہربانی، مگر آپ زحمت نہ کریں۔ میں یہ کام خود مکمل کر لو",,,,,,,"""بہت مبارک ہو، یار۔ میں نے اس کام میں اپنے وقت نکالا۔ آپ ک",,,,,,
227,دوست,دوست,Low,آپ کا دوست آپ کی غیر موجودگی میں آپ کے لیے نوٹس لے آیا ہے۔,میں تمہارے لیے نوٹس لے آیا ہوں۔,بہت شکریہ یار، تم نے میری بڑی مدد کر دی۔,,,,,,,"""شکر ہوے، تمہاری بہت مہربانی۔ ابھی آئیے، دیکھیں",,,,,,,"""واہ، تمہاری بہت مہربانی! شکریہ، یہ میرے لیے بہت مددگار ہوگا۔""",,,,,,,"""آ، مرسلاً مرسلاً، میں تماشا جاتا ہوں۔""",,,,,,,"""ارے یار، تم آ گئے، میرے لیے یہی یہی کافی تھا۔""
""ب�",,,,,,
228,والد,بیٹا,High,آپ کے والد نے آپ کا ایک ضروری کام مکمل کر دیا ہے۔,میں تمہارے ضروری کاغذات دفتر جا کر جمع کرا آیا ہوں۔,بہت شکریہ ابو، آپ نے میری بڑی مشکل آسان کر دی۔,,,,,,,"""آپ کی مہربانی میرے لیے بہت اہم ہے، مگر میں بھی کچھ کام",,,,,,,"""والد جان، آپ کی بہت مہربانی، مگر آپ زحمت نہ کریں۔ میں یہ کام خود مک",,,,,,,"""والدجان، آپ کی بہت مہربانی ہے۔ میں آپ کی مدد کے لئے کافی ک",,,,,,,"""شکریہ ابو، آپ کی مدد کے بغیر یہ کام مکمل کرنا مشکل تھا۔""",,,,,,
229,والدہ,بیٹی,High,والدہ بیماری کے دوران آپ کی دیکھ بھال کے لیے جاگتی رہی ہیں۔,بیٹا، میں کل رات تمہارے پاس ہی تھی تاکہ تمہیں کسی چیز کی ضرورت نہ ہو۔,امی، آپ کا بہت شکریہ، آپ نے میرا بہت خیال رکھا۔,,,,,,,"""والدہ جان، آپ کی بہت مہربانی، مگر آپ زحمت نہ کریں۔ میں یہ کام",,,,,,,"""مамا، شکریہ کیا گے، تمہاری مہربانی میں کسی کچھ نہیں۔",,,,,,,"""جی امی، آپ کی بہت مہربانی، مگر آپ کو بھی آرام کرنا چاہیے، مجھے ک",,,,,,,"""امی، آپ کی محبت کا بہت شکریہ۔ آپ کی دیکھ بھال نے مجھے بہت حوصلہ دیا۔""",,,,,,
230,استاد,طالب علم,Medium,استاد نے آپ کی تعلیمی مدد کے لیے اضافی وقت دیا ہے۔,امید ہے اب تمہیں یہ موضوع اچھی طرح سمجھ آ گیا ہوگا۔,سر، آپ کا بہت شکریہ، آپ کی مدد سے مجھے یہ موضوع اچھی طرح سمجھ آ گیا۔,,,,,,,"""جی سر، آپ کی مدد سے اب مجھے یہ موضوع اچھی طرح سمجھ آ گیا ہے۔ بہت شکریہ!""",,,,,,,"""جی استاد، اب میں اس موضوع کو سمجھنے میں زیادہ تر کامیاب ہوں۔ آپ کی مدد س",,,,,,,"""الحمدللہ، امید ہے تمہارے ساتھ یہ موضوع بہت آسان ہو گیا ہوگا",,,,,,,"""جی سر، آپ کی مدد سے اب یہ موضوع بہت واضح ہو گیا ہے۔ آپ کی ب�",,,,,,
231,طالب علم,استاد,High,استاد نے آپ کو اضافی رہنمائی اور مشورے دیے ہیں اور مزید مدد کی پیشکش کر رہے ہیں۔,اگر تمہیں مزید کچھ پوچھنا ہو تو تم میرے دفتر آ سکتے ہو۔,سر، آپ کی رہنمائی اور تعاون کا بہت شکریہ۔,,,,,,,"""شکریہ سر، آپ کی مدد کا بہت شکریہ۔ اگر ضرورت محسوس ہوئی تو ضرور آؤں گا۔""",,,,,,,"""جی، مزید کچھ پوچھنے کیلئے آں گے۔ شکریہ کرتا ہوں ک",,,,,,,"""جی، آپ کی رہنمائی اور مشورے کے لئے آپ کی بہت مہربانی ہے�",,,,,,,"""جی سر، بس اتنا ہی کافی ہے، بس اتنا ہی کافی ہے۔""",,,,,,
232,پڑوسی,پڑوسی,Medium,آپ کے پڑوسی نے ضرورت کے وقت آپ کی مدد کی ہے۔,مجھے خوشی ہے کہ میں وقت پر آپ کی مدد کر سکا۔,آپ کا بہت شکریہ، آپ کی بروقت مدد میرے بہت کام آئی۔,,,,,,,"""آپ کا بہت شکریہ! آپ کی مدد نے واقعی میری مشکل آسان کر دی۔""",,,,,,,"""میں بھی آپ کی مدد کرنے کا موقع حاصل کرنے کے لئے خوش ہوا، آپ کی مدد",,,,,,,"""آپ کی مہربانی میں خوشی ہے، بہت مبارک ہو۔""",,,,,,,"""میں بہت خوش ہوں کہ آپ نے وقت پر میری مدد کی۔""",,,,,,
233,دوست,دوست,Low,آپ کے دوست نے آپ کی اسائنمنٹ مکمل کر دی کیونکہ آپ گھر کے ایک ضروری کام میں مصروف تھے۔,یہ لو، میں نے تمہاری اسائنمنٹ کر دی تھی۔,یار، تمہارا بہت شکریہ، ورنہ مجھے اس کی بہت ٹینشن تھی۔,,,,,,,"""بہت شکریہ یار، تمہاری بہت مہربانی۔""",,,,,,,"""شکر ہوے، یار، تمہاری بہت مہربانی ہے۔ ابھی میں اس",,,,,,,"""یار، تم نے واقعی میری بہت مدد کی، شکریہ! یہ تمہاری مہربانی ہے۔""",,,,,,,"""جبتے ہु� میں نے اسائنمنٹ کر دی تھی، آپ کی مصروفیت کو مفہ",,,,,,
234,سینئر,جونیئر,High,سینئر آپ کی کارکردگی اور محنت کو سراہ رہے ہیں۔,آپ نے بہت محنت کی ہے، جو صاف نظر آ رہی ہے۔,شکریہ سر۔ یہ سب آپ کی رہنمائی کا نتیجہ ہے۔,,,,,,,"""جی سر، میری بہت کوشش ہے، مگر یہ سب آپ کی رہنمائی کے بغیر ممکن ن�",,,,,,,"""بہت شکریہ سر، آپ کی حوصلہ افزائی میرے لیے بہت معنی رکھتی ہے۔""",,,,,,,"""بہت شکریہ! آپ کی حوصلہ افزائی میرے لیے بہت اہم ہے۔""",,,,,,,"""جی، آپ کی حوصلہ افزائی سے میرے لیے بہت فائدہ ہوا۔""",,,,,,
235,بزرگ رشتہ دار,نوجوان,High,ایک بزرگ رشتہ دار محبت اور خیر خواہی کے ساتھ آپ کے لیے دعائیں کرتے ہیں۔,میں ہمیشہ تمہاری کامیابی اور بھلائی کے لیے دعا کرتا ہوں۔,اللہ آپ کو جزائے خیر دے، آپ کی دعائیں میرے لیے بہت قیمتی ہیں۔,,,,,,,"""خدا کی رحمت اور فضل سے آپ کے تمام مقاصد کامیاب ہوں، آپ کے لیے صحت",,,,,,,"""شکریہ، آپ کی دعا میری کامیابی کے لیے بہت اہم ہے۔""",,,,,,,"""آپ کی دعاؤں کا شکریہ، بزرگ رشتہ دار جان، مگر آپ کو یاد رکھیں کہ میری",,,,,,,"""بہت شکریہ، آپ کی دعائیں میرے لیے بہت قیمتی ہیں۔""",,,,,,
236,دوست,دوست,Low,آپ کے دوست نے مذاق اور دوستانہ انداز میں آپ کی ایک چھوٹی سی مدد کی ہے۔,یہ لو، میں تمہارے لیے چائے بھی لے آیا ہوں۔,واہ جناب، آج تو بڑے مہربان لگ رہے ہیں، شکریہ!,,,,,,,"""ارے یار، تم بہت مہربان ہو، مجھے یہاں سے چلے جان",,,,,,,"""شکریہ یار، تمہاری بہت مہربانی۔ بس چائے کا اشتراک ہی کافی",,,,,,,"""شکریہ یار، تیری مہربانی میں کوئی بہت نہیں۔ چائے بھی",,,,,,,"""واہ، تم تو واقعی بہت خیال رکھتے ہو! شکریہ یار، چائے تو بہت مزے کی ہوگی!""",,,,,,
237,دوست,دوست,Low,آپ کے دوست نے مدد کی ہے، لیکن کافی تاخیر اور ہچکچاہٹ کے بعد۔,آخرکار تمہارا کام کر ہی آیا ہوں۔,ٹھیک ہے یار، شکریہ، لیکن مجھے کافی انتظار کرنا پڑا۔,,,,,,,"""جی، میں بھی کچھ زخمی ہوں لیکن کام کر ہی آیا ہے۔""",,,,,,,"""میں نے آخر کار کام کر لیا ہے، بس ابھی کچھ دیر تاخیر ہوئی۔""",,,,,,,"""شکریہ دوست، تمہاری مدد کا بہت شکریہ، چاہے تھوڑی دیر سے ہی سہی!""",,,,,,,"""میں نے کوشش کی تھی کہ جلد ہی یہ کام مکمل ہو جائے، لیکن",,,,,,
238,افسر,ملازم,High,آپ سے کام میں ایک سنگین غلطی ہوئی تھی، لیکن افسر نے آپ کو ایک اور موقع دیا اور معاملہ مزید آگے نہیں بڑھایا۔,اس بار میں نے آپ کی غلطی کے باوجود معاملہ انتظامیہ تک نہیں جانے دیا۔,بہت شکریہ سر، میں آپ کے اعتماد اور تعاون کی قدر کرتا ہوں، آئندہ ایسی غلطی نہیں ہوگی۔,,,,,,,"""آپ کی بہت بہادری۔ مستقبل میں اس قسم کی غلطیوں سے بچیں۔""",,,,,,,"""افسر صاحب، آپ کی مہربانی کا شکریہ۔ مجھے بہت تعجب ہوا کہ آپ ن�",,,,,,,"""جی، آپ کی حوصلہ افزائی میرے لیے بہت اہم ہے۔ میں نے اپنی",,,,,,,"""سر، آپ کی مہربانی کا بہت شکریہ۔ میں اس موقع کو سنجیدگی سے لوں گا اور آئندہ احتیاط کروں گا۔""",,,,,,
239,ساتھی,ساتھی,Medium,آپ طبیعت کی خرابی کی وجہ سے ایک دن دفتر نہیں جا سکے، تو آپ کے ساتھی نے آپ کا کام مکمل کر دیا۔,میں نے آپ کا کام بھی مکمل کر دیا تھا۔,آپ کا بے حد شکریہ آپ نے واقعی میں میری بہت مدد کی۔,,,,,,,"""آپ کی مہربانی میں بہت شکریہ، لیکن میں نے کام کیا تھا۔",,,,,,,"""شکر ہوے، آپ کی بہت مہربانی۔ آپ کی مدد سے مجھے بہت فائد",,,,,,,"""واہ، آپ کی مہربانی کا بہت شکریہ! آپ نے واقعی میری مدد کی ہے۔""",,,,,,,"""آپ کی بہت مہربانی، مگر آپ زحمت نہ کریں۔ میں یہ کام خود مکمل کر لو",,,,,,
240,بھائی,بہن,Medium,آپ کی طبیعت خراب تھی اور آپ کی بہن نے آپ کی ذمہ داریاں سنبھال لیں۔,میں نے گھر کے سارے کام سنبھال لیے تھے تاکہ تم آرام کر سکو۔,بہت شکریہ، تم نے میری بہت بڑی پریشانی کم کر دی۔,,,,,,,"""جی بہن، آپ کی بہت مہربانی، مجھے یقین ہے کہ آپ کی محبت اور",,,,,,,"""آپ کی بہن کی بہت مہربانی، مگر ابھی میں خود ہی سب کام سنبھالیں",,,,,,,"""آپ کی بہت مہربانی شکریہ، بہن جان۔ مگر آپ نے میری ذمہ دار",,,,,,,"""بہت شکریہ بہن، تمہاری مدد نے مجھے واقعی آرام کرنے کا موقع دیا۔""",,,,,,
241,دوست,دوست,Low,آپ کا دوست آپ کی مدد کی پیشکش کر رہا ہے کیونکہ آپ کسی اور کام میں مصروف ہیں۔,یار، اگر ضرورت ہو تو میں تمہاری مدد کر دیتا ہوں۔,ارے نہیں یار، تم کیوں زحمت کرو گے، لیکن تمہاری پیشکش کا بہت شکریہ۔,,,,,,,"""بہت مبارک ہو، مگر آج میں کسی کام کے وسط ہوں۔ اگر کسی وقت",,,,,,,"""بہت شکریہ یار، مگر آپ زحمت نہ کریں۔ میں یہ کام خود مکمل کر لوں",,,,,,,"""شکر ہوے یار، تمہاری مدد ضرور لینا چاہیے، مگر ابھی میں اس",,,,,,,"""شکریہ دوست، مگر میں خود ہی یہ کام کر لوں گا۔""",,,,,,
242,دوست,دوست,Low,آپ کا دوست کام میں آپ کی مدد کی پیشکش کر رہا ہے۔,چلو، میں تمہارا کچھ کام کم کر دیتا ہوں۔,نہیں یار، اتنی زحمت کی ضرورت نہیں، میں سنبھال لوں گا۔,,,,,,,"""جبکہ میں کچھ کام کم کر سکتا ہوں، لیکن آپ کی مدد میں بہت",,,,,,,"""شکریہ دوست، مگر میں خود ہی یہ کام کر لوں گا۔ تمہاری مدد کی پیشکش کا بہت شکریہ!""",,,,,,,"""شکریہ یار، بس اب کافی ہو گیا، کچھ دیر آرام کر لے۔ باقی سامان میں اٹ",,,,,,,"""شکر ہوے، یار، تمہاری مدد سے میرا کام بہت آسان ہو جائے",,,,,,
243,جونیئر,سینئر,Medium,آپ کا جونیئر احترام کے ساتھ آپ کو مدد کی پیشکش کر رہا ہے تاکہ آپ کا کام آسان ہو جائے۔,سر، اگر آپ اجازت دیں تو میں آج اضافی وقت دے کر یہ کام مکمل کر دیتا ہوں۔,آپ کی مہربانی، لیکن آپ کو زیادہ دیر رکنے کی ضرورت نہیں، میں سنبھال لوں گا۔,,,,,,,"""بہت شکریہ! آپ کی مدد کی پیشکش میرے لیے بہت معنی رکھتی ہے، مگر میں یہ کام خود ہی مکمل کر لوں گا۔""",,,,,,,"""جی، بہت محسوس ہو گیا۔ آج کے لیے اجازت دیں۔ آئندہ کوشش ک",,,,,,,"""جی، میں آپ کی مدد قبول کرتا ہوں۔""",,,,,,,"""جی، آپ کی مدد سے میرا کام آسانی سے مکمل ہو جائے گا۔ آپ کی بہت م",,,,,,
244,جونیئر,سینئر,Medium,آپ نے دیکھا کہ آپ کے سینئر پر کام کا دباؤ ہے، اس لیے آپ احترام کے ساتھ مدد کی پیشکش کر رہے ہیں۔,سر، اگر آپ اجازت دیں تو میں اس کام میں کچھ مدد کر دیتا ہوں۔,آپ کی پیشکش کا شکریہ، لیکن خود کو زیادہ زحمت نہ دیں۔,,,,,,,"""جی، بہت شکریہ۔ آپ کی مدد کو بہت مہربانی کہا جاتا ہے۔ آ",,,,,,,"""جناب، آپ کی بہت مہربانی، مگر آپ کی رہنمائی ہی میرے لیے کافی �",,,,,,,"""بیٹا، آپ کی بہت مہربانی، مگر آپ زحمت نہ کریں۔ میں یہ کام خود مک",,,,,,,"""بہت مہربانی، لیکن میں کوشش کر رہا ہوں کہ یہ کام خود ہی مکمل کروں۔ اگر ضرورت پڑی تو آپ سے مدد لوں گا۔""",,,,,,
245,کزن,کزن,Low,آپ کا کزن آپ کی مدد کے لیے اپنی گاڑی دینے کی پیشکش کر رہا ہے۔,یار، اگر تم چاہو تو میری گاڑی استعمال کر سکتے ہو۔,ارے نہیں یار، تم کیوں زحمت کرو گے، میں خود انتظام کر لوں گا۔,,,,,,,"""شکریہ یار، مگر مجھے اپنی گاڑی سے ہی جانا ہے۔ تمہاری پیشکش کا بہت شکریہ!""",,,,,,,"""ارے، تمہاری بہت مہربانی، مگر میں خود ہی اس کام کو سنبھالیں گا",,,,,,,"""کزن جان، آپ کی بہت مہربانی، مگر میں خود اپنی گاڑی سے جاؤں گا",,,,,,,"""جی، میں اس لیے بہت متحمس ہوں۔ آج میں اپنی گاڑی کو است",,,,,,
246,کزن,کزن,Low,آپ کا کزن بار بار آپ کی مدد کرنے پر اصرار کر رہا ہے، حالانکہ آپ کئی بار انکار کر چکے ہیں۔,یار، میں نے کہا نا، یہ کام میں کر دوں گا۔,آپ کی مہربانی، لیکن واقعی اس کی ضرورت نہیں، میں خود سنبھال لوں گا۔,,,,,,,"""بیٹا، میں فهمی کرتا ہوں، لیکن آپ کی مدد سے میری کامیابی",,,,,,,"""بیٹا، تمہاری بہت مہربانی، مگر تم زحمت نہ کریں۔ میں یہ کام",,,,,,,"""چلو، بھائی، میں نے کہا تھا کہ آپ کو یہ کام کرو، مجھے یہ",,,,,,,"""شکریہ، مگر میں واقعی یہ کام خود ہی کر لوں گا۔""",,,,,,
247,پڑوسی,پڑوسی,Medium,آپ کا پڑوسی شادی کی تقریبات میں آپ کی مدد کرنے کی پیشکش کر رہا ہے۔,اگر آپ کو کسی مدد کی ضرورت ہو تو میں حاضر ہوں۔,آپ کی بہت مہربانی، لیکن آپ کو تکلیف دینے کی ضرورت نہیں۔,,,,,,,"""شکریہ، مگر آپ زحمت نہ کریں۔ میں خود اس کام کو سنبھال لوں گا، اگر ضرورت",,,,,,,"""شکر ہوے، آپ کی مدعیت کا بہت شکریہ۔ مگر آپ کو بھی ضرورت ہو",,,,,,,"""شکریہ، بھائی، میں اپنے پڑوسی کی مہربانی کو بہت مقدار می",,,,,,,"""شکریہ بھائی، آپ کی پیشکش کا بہت شکریہ، مگر میں سب کام خود ہی سنبھال لوں گا۔""",,,,,,
248,طالب علم,استاد,Medium,آپ استاد کی مدد کرنے کی پیشکش کر رہے ہیں۔,سر، میں یہ کتابیں آپ کے دفتر رکھ آتا ہوں۔,بیٹا، بہت شکریہ، میں خود سنبھال لوں گا۔,,,,,,,"""جی، آپ کی بہت مہربانی۔""",,,,,,,"""جی، بہت محسوس ہو گا۔ میں اس کتابوں سے بہت آرام ہوں گا",,,,,,,"""شکریہ، مگر میں خود ہی انہیں رکھ لوں گا۔ آپ کو زحمت کرنے کی ضرورت نہیں ہے۔""",,,,,,,"""جی سر، آپ کی بہت مہربانی، یہ ضرورت نہیں ہے۔""",,,,,,
249,والد,بیٹا,High,آپ کے والد بار بار آپ کی مدد کرنے پر اصرار کر رہے ہیں، جبکہ آپ خود کام کرنا چاہتے ہیں۔,میں نے کہا نا، یہ کام میں کر دوں گا، تم فکر نہ کرو۔,ابو، آپ کا بہت شکریہ، لیکن واقعی اس کی ضرورت نہیں، میں سنبھال لوں گا۔,,,,,,,"""ابا، میں واقعی خود یہ کام کرنا چاہتا ہوں، آپ بس مجھے تھوڑا وقت دیں۔""",,,,,,,"""بھائی، میں جانتا ہوں کہ تماشا کرتے ہوں، لیکن آپ کی مہرب",,,,,,,"""جی، والد جان، مجھے آپ کی مدد کی ضرurat نہیں ہے، میں یہ کام خود کر لو�",,,,,,,"""بیٹا، تمہاری بہت بہتری، مگر میں تمہارے کام کو دیکھ کر تمہاری مد",,,,,,
250,والدہ,بیٹی,High,آپ کی والدہ آپ کا بوجھ کم کرنے کی پیشکش کر رہی ہیں۔,بیٹا، اگر تم تھک گئی ہو تو میں یہ کام کر دیتی ہوں۔,امی، آپ کی بہت مہربانی، لیکن میں خود کر لوں گی۔,,,,,,,"""مамا جان، میں تھک نہیں گی، آپ کی مہربانی کافی ہے۔""",,,,,,,"""جی امی، آپ کی بہت مہربانی۔ مجھے یہ کام سنبھالنے میں کوئی مشکل",,,,,,,"""امی، آپ کی مہربانی کا بہت شکریہ، مگر میں خود یہ کام کر لوں گی۔""",,,,,,,"""امی جان، بس ابھی آپ کی بہت مہربانی، مگر میں یہ کام خود سنبھال لوں گا،",,,,,,
251,ملازم,افسر,Medium,آپ کے افسر بار بار آپ کی مدد کرنے پر اصرار کر رہے ہیں، حالانکہ آپ خود کام مکمل کرنا چاہتے ہیں۔,میں نے کہا نا، میں خود تمہاری فائل مکمل کروا دوں گا۔,سر، آپ کی مہربانی، لیکن براہِ کرم اس کی فکر نہ کریں، میں خود یہ کام مکمل کر لوں گا۔,,,,,,,"""جی، میں سمجھتا ہوں۔ بس یہ کہنا چاہتا تھا کہ اگر ضرورت",,,,,,,"""بھائی، میں اپنے کام کو صرف طے کرنا چاہتا ہوں، آپ کی مدد",,,,,,,"""سر، آپ کی مہربانی، مگر میں خود ہی یہ کام مکمل کر لوں گا۔""",,,,,,,"""جی، آپ کی بہت مہربانی ہے، لیکن مجھے یہ کام خود مکمل کرنا ہے",,,,,,
252,بزرگ رشتہ دار,نوجوان,High,ایک بزرگ رشتہ دار بار بار آپ کے ساتھ جانے پر اصرار کر رہے ہیں، جبکہ آپ خود جانا چاہتے ہیں۔,میں تمہارے ساتھ چلوں گا، اکیلے جانے کی ضرورت نہیں۔,آپ کی فکر کا بہت شکریہ، لیکن واقعی میں خود سنبھال لوں گا۔,,,,,,,"""بڑا بھائی، مجھے اپنے دوست کے ساتھ جانا ہے، آپ کو کچھ کام �",,,,,,,"""بہت مبارک ہو، مگر میں اپنا کام بھی چاہتا ہوں۔ آپ کے س",,,,,,,"""بہت مہربانی، مگر میں خود ہی جانا چاہتا ہوں۔""",,,,,,,"""بزرگ رشتہ دار جان، بس آپ میری حمایت کریں، میں خود ہی جانا چاہتا ہو�",,,,,,
253,ساس,بہو,High,آپ کی ساس بار بار آپ کے کام میں مداخلت کرتے ہوئے مدد کی پیشکش کر رہی ہیں، جبکہ آپ خود کام مکمل کرنا چاہتی ہیں۔,یہ کام تم چھوڑ دو، میں خود کر دیتی ہوں۔,امی جان، آپ کی مہربانی، لیکن میں یہ کام خود کر لوں گی۔,,,,,,,"""ساس جی، آپ کی مدد کا شکریہ، مگر میں یہ کام خود ہی مکمل کرنا چاہتی ہوں۔""",,,,,,,"""آپ کی بہت مہربانی، مگر آپ زحمت نہ کریں۔ میں یہ کام خود مکمل کر لو",,,,,,,"""بیٹی، میں بھی میں کام مکمل کرنا چاہتا ہوں، لیکن آپ ک",,,,,,,"""جی، ساسی جی، مجھے یہی سمجھ میں نہیں آ رہا کہ آپ کے ک",,,,,,
254,ساتھی,ساتھی,Medium,آپ کا ساتھی کام میں مدد کی پیشکش کر رہا ہے۔,اگر آپ چاہیں تو میں یہ رپورٹ چیک کر دیتا ہوں۔,آپ کی مہربانی، لیکن میں پہلے خود ایک بار دیکھ لیتا ہوں۔,,,,,,,"""شکریہ، مگر میں یہ کام خود مکمل کر لوں گا، اگر ضرورت پڑی تو ضرور آپ سے مد",,,,,,,"""جی، مرسلاً شکریہ۔ آپ کی مدد میں بہت کمیں۔""",,,,,,,"""جی، آپ کی مدد سے بہت فائدہ ہوگا، چیک کر لیجئے، مجھے ی�",,,,,,,"""شکریہ، مگر میں خود ہی اسے چیک کر لوں گا۔""",,,,,,
255,چچا,بھتیجا,Medium,آپ کے چچا رات کو آپ کے دیر سے گھر جانے پر فکر مند ہیں اور آپ کو گھر چھوڑنے کی پیشکش کر رہے ہیں۔,رات بہت ہو گئی ہے، میں تمہیں گھر چھوڑ آتا ہوں۔,چچا جان، آپ کی بہت مہربانی، لیکن آپ کو زحمت دینے کی ضرورت نہیں، میں خود چلا جاؤں گا۔,,,,,,,"""چچا جان، بس اب کافی ہو گیا، کچھ دیر آرام کر لے۔ باقی سامان میں اٹھا",,,,,,,"""چچا جان، آپ کی بہت مہربانی، مگر میں ابھی کچھ کام باقی ہیں، آپ",,,,,,,"""چچا جان، میں تیرے ساتھ رہنے کی مہربانی کرتا ہوں، لیکن ا",,,,,,,"""چچا جان، آپ کی فکر کا بہت شکریہ، مگر میں خود ہی چلا جاؤں گا۔""",,,,,,
